Source,Target,Weight
0,129,0.0974754711189808
0,111,0.09350355088183515
0,106,0.07763075364594674
0,13,0.021107715617128653
0,181,0.020731889192777797
0,145,0.013452991743588494
1,2,0.1757536410425169
1,44,0.13955862618541692
1,176,0.07382851008550817
1,147,0.05031850881951705
1,58,0.04871879414020852
1,193,0.04747692760140543
1,7,0.04732717987065127
1,172,0.04487501681498607
1,53,0.038771079756988236
1,141,0.03425949224999658
1,138,0.03369789263879275
1,35,0.02919147553097412
1,27,0.02838336999952029
1,55,0.02750844508024819
1,80,0.02639625216022501
1,12,0.024947491596181037
1,109,0.02439591940944641
1,150,0.024143609261264798
1,56,0.024027114255713244
1,73,0.0228305935554598
1,59,0.02180721783638162
1,69,0.021508510649986934
1,195,0.02147142396533097
1,8,0.020631666271388904
1,86,0.02062833193140079
1,52,0.019575746202465827
2,1,0.1757536410425169
2,152,0.1511392646787293
2,167,0.15088357731146718
2,195,0.14864661522944556
2,53,0.1434050744914288
2,13,0.13744079063633063
2,138,0.1282279788508741
2,92,0.11701037203123987
2,173,0.09960302160012624
2,188,0.08745294232097267
2,55,0.0872085479798157
2,7,0.0841311557899378
2,41,0.08277630342417075
2,44,0.07755661660066826
2,193,0.07700313561364425
2,174,0.0688439251706997
2,12,0.06860998578428856
2,63,0.06369052325258373
2,68,0.058733973627422165
2,43,0.056791625625631226
2,93,0.05402590012872954
2,52,0.053313881666407825
2,164,0.05228391198491322
2,59,0.048834251921279215
2,50,0.047409658042549596
2,56,0.044337603439329576
2,166,0.04053253301544957
2,176,0.03992238373786594
2,112,0.03982146389873553
2,77,0.038579706629755295
2,113,0.037765371520147695
2,157,0.03687767499568295
2,189,0.036274029343074665
2,33,0.03572956127078031
2,14,0.034683255407342406
2,170,0.03450735452323017
2,169,0.029623185565910704
2,122,0.02261112262606846
2,116,0.022541817549944443
2,89,0.020700830357211708
2,177,0.018883048958444504
2,60,0.017389555848599803
2,40,0.015404338949488339
3,73,0.1952771685789103
3,22,0.11043239099931612
3,84,0.08779641989726805
3,86,0.08665594908540175
3,49,0.0723448431984881
3,141,0.06595504830897525
3,170,0.06437118896444793
3,106,0.06430088330877626
3,181,0.060812282881325896
3,169,0.05840428656444285
3,120,0.05601505578728472
3,107,0.05554444862442853
3,185,0.050300581504851394
3,112,0.047945009166727615
3,74,0.04776966632539925
3,174,0.04566691418859692
3,136,0.04535243942829292
3,28,0.0448713401277393
3,117,0.040917619044877784
3,32,0.04078594063288543
3,12,0.03799869270759704
3,61,0.03772299158223702
3,192,0.0336854028205007
3,178,0.03247229044998279
3,92,0.03143530992543209
3,10,0.03042938194423228
3,160,0.0287428745730679
3,123,0.028039150961115644
3,83,0.0274850329403884
3,21,0.026275444304443618
3,143,0.024567199025864683
3,52,0.024144715806119654
3,194,0.023725870853736897
3,94,0.022825701009267174
3,90,0.022593334675247267
3,138,0.022577853217074173
3,35,0.022430494933623923
3,119,0.02227927820165354
3,95,0.020970318087325857
3,124,0.01981770352806833
4,5,0.3749466448767581
4,194,0.2883371831627025
4,109,0.2736011366799842
4,135,0.1262614536325808
4,123,0.11709689023412162
4,99,0.10096680204528563
4,163,0.10060741702055975
4,191,0.07061650268250985
4,142,0.06666407803485641
4,38,0.055894204185341745
4,52,0.05537918911347284
4,146,0.050143353087424125
4,185,0.049669660276054795
4,153,0.04157772580363461
4,6,0.037150330216003113
4,143,0.034837416161654255
4,176,0.032030825549816955
4,112,0.02016400748799385
4,65,0.017936862636025785
5,4,0.3749466448767581
5,109,0.13670458315775502
5,194,0.1240342393578795
5,176,0.07303607606027396
5,163,0.053009927329240925
5,123,0.05264015205089234
5,142,0.036141884080803655
5,38,0.021061363067099714
6,66,0.6436819413230362
6,52,0.09695487704142103
6,34,0.08934901259741634
6,185,0.08712969760052203
6,146,0.07570790344532952
6,116,0.04861970817782757
7,59,0.14573754720344834
7,60,0.14484617513346487
7,56,0.14348716966266162
7,113,0.12379414336373762
7,138,0.10152078249033958
7,2,0.0841311557899378
7,87,0.08128674336502795
7,192,0.07587824124065112
7,84,0.06799409689907698
7,35,0.0679930828901607
7,157,0.0663510607926101
7,116,0.06591712148380224
7,49,0.06460456252645119
7,52,0.06061503498313936
7,150,0.05837993930007079
7,141,0.054103999180487916
7,97,0.04876815503725762
7,1,0.04732717987065127
7,63,0.04646510462314224
7,68,0.04619563716827335
7,119,0.04189934669141937
7,171,0.037022623757581474
7,189,0.03690097193650421
7,107,0.036119371859633986
7,127,0.0356492198173427
7,185,0.031871552067407105
7,53,0.031150686383295545
7,161,0.030540014211327016
7,106,0.029423149802073834
7,147,0.029291861782438366
7,164,0.02648781647032572
7,146,0.025658896157515043
7,27,0.024847614466998014
7,43,0.023073381040721763
7,160,0.022613487847383484
7,55,0.0224154798154943
7,183,0.022258264257074
7,12,0.021804130301935176
7,72,0.021068285051424884
7,44,0.020128738725820883
7,152,0.019503328649922436
7,93,0.019420807123526007
7,86,0.01675311934365431
7,80,0.01626776577927591
7,8,0.016167963136175634
7,170,0.015961955246244997
7,22,0.01553700492475385
7,6,0.015091970988269754
7,47,0.014897856335368997
7,3,0.014669753502788985
7,77,0.01405326677076768
7,61,0.013858938069165827
7,193,0.01379135690832689
7,15,0.01345007289965039
7,167,0.01336281372440895
7,145,0.013303232781371133
7,118,0.013132143209762193
7,117,0.013125445237250788
7,69,0.013026818686786124
7,33,0.012878934402390518
7,41,0.012598947619552714
7,92,0.01249316267893752
7,176,0.011949059346703761
7,83,0.011534680937099973
7,11,0.01147596334444545
7,115,0.011087024213170427
7,36,0.010941678782785624
7,134,0.010849148927890906
7,40,0.010140935031142773
7,139,0.010103630790376017
7,76,0.009808450112636091
7,82,0.00913135409938659
7,105,0.00888490671028841
7,79,0.008482216577123669
8,107,0.3011376342182972
8,147,0.15062897301711842
8,141,0.1152240759564479
8,27,0.10681399673136616
8,42,0.0957899293724509
8,110,0.09267769372882861
8,80,0.09186251872952012
8,165,0.08202165486922508
8,69,0.07894696019155056
8,16,0.07542467094714478
8,61,0.0748931510971762
8,170,0.07464520198374647
8,108,0.0721426980769716
8,161,0.06902306911496237
8,84,0.06432564365640037
8,103,0.06035585267292365
8,50,0.052530145140586626
8,96,0.05109598476632182
8,14,0.050909762735199315
8,155,0.0502500638732305
8,86,0.04802962366608432
8,83,0.04600866282428606
8,160,0.04567900699771266
8,25,0.04551740552633943
8,119,0.045493451217879066
8,168,0.043564172745306995
8,89,0.03967560371329226
8,97,0.03665445495475106
8,150,0.032893576754334575
8,23,0.03255275049096662
8,30,0.03200396340130196
8,79,0.031969982818208176
9,114,0.18909713193133015
9,90,0.10134723497953946
9,144,0.07958098090284804
9,18,0.07015547606047057
9,37,0.05696819270661946
9,145,0.05600047796669816
9,31,0.052922271835016965
9,134,0.04990264245607312
9,77,0.04850681610787699
9,120,0.04606987895506365
9,40,0.04536064993820699
9,16,0.03279886667815379
9,157,0.03095230268149829
9,65,0.030703218922174647
9,97,0.030132340705539717
9,118,0.029954662707506685
9,34,0.029110676753800635
9,169,0.029008735585812517
9,190,0.02880506042552855
9,129,0.02855549122356904
9,17,0.0280775597082763
9,14,0.0276697410102561
9,21,0.027639826893806174
9,6,0.026690375849028114
9,124,0.02580666290119138
9,11,0.025102199856743668
9,106,0.024694433561534446
9,26,0.02249623563896952
9,23,0.021357283684951156
9,71,0.021293772330861716
10,46,0.28869509022578765
10,11,0.20807022954219878
10,85,0.15321129716051296
10,40,0.07294067438189222
10,28,0.05848490199914225
10,37,0.05667827006764181
10,149,0.04852989529983176
10,170,0.042962754702706274
10,139,0.0394412170358579
10,185,0.03912520190405211
10,119,0.03499072849092788
10,51,0.03229170707592033
10,132,0.032069446277400604
10,67,0.031989677993116916
10,173,0.03152336051465654
10,3,0.03042938194423228
10,86,0.02775288291564093
10,148,0.026826543923914814
10,32,0.025218813115332916
10,17,0.025082211041218883
10,71,0.022856149934637582
10,128,0.021367865116363127
11,10,0.20807022954219878
11,91,0.07255267885279437
11,46,0.07207937948564835
11,18,0.04753675796826751
11,152,0.037827819578077904
11,37,0.03650169820336213
11,52,0.035609837950089096
11,189,0.02976318600272454
11,58,0.027763137918271674
11,16,0.027166449248219315
11,17,0.02710566089209876
11,67,0.02625913794905299
11,9,0.025102199856743668
11,25,0.023506140576821433
11,110,0.022933605500497944
11,141,0.021522175438332125
11,54,0.020687314824283765
11,119,0.020252393137094704
11,185,0.019496499910057752
11,147,0.01870275969588231
12,74,0.09041905280415663
12,73,0.07334577433635492
12,2,0.06860998578428856
12,51,0.05849123763570008
12,61,0.05310499582351913
12,146,0.05143062920855601
12,86,0.04793170558018067
12,52,0.04165459029403418
12,67,0.04105728509680062
12,195,0.039227849508732815
12,170,0.03824635329113446
12,3,0.03799869270759704
12,32,0.037266450883717495
12,106,0.03561352245774074
12,198,0.034174134010997115
12,134,0.033464734006256935
12,57,0.03216425333609707
12,159,0.030306745415925818
12,185,0.029814505141476544
12,112,0.0281988684562835
12,129,0.02646344041363724
12,1,0.024947491596181037
12,120,0.023565304021195166
12,84,0.022880180620478474
12,119,0.021876379147992675
12,7,0.021804130301935176
12,76,0.021695119403817187
12,69,0.0214513175329879
12,37,0.021059624962787127
12,65,0.020199048396725705
12,64,0.019931308699010386
12,40,0.0199290861357293
12,23,0.0196651387279545
12,152,0.019324746345076194
12,28,0.0187829014360813
12,145,0.01839722235500396
12,27,0.01832408759199
12,192,0.01830883284783491
12,18,0.01779789519336694
12,62,0.01731127071424654
12,173,0.016605636989780792
12,91,0.016319215900127748
12,171,0.015660922858234727
12,133,0.01564759564624718
12,117,0.015307767817448026
12,26,0.015184759675165638
12,49,0.014604969785464217
12,6,0.014102315429827317
12,160,0.013442772542632042
12,53,0.013034396113998592
12,97,0.012699970065206956
12,141,0.012375865242827078
12,183,0.012226285764350808
12,178,0.012187554603446449
12,8,0.011998055311337685
12,85,0.011957864490087733
12,167,0.011593741262260537
12,93,0.011477445129101316
12,109,0.011252471255895347
12,35,0.011196711890729238
12,147,0.011075229116763952
12,44,0.01065987862929385
12,154,0.01045837583801279
13,122,0.3581974387919653
13,111,0.18241277210946039
13,63,0.16665234716025268
13,41,0.1581014960655398
13,92,0.1562476962548216
13,2,0.13744079063633063
13,129,0.12127107984876984
13,14,0.09592186022788896
13,152,0.08816755886885441
13,169,0.06736159239317907
13,37,0.060418996020863425
13,55,0.06013593202835077
13,132,0.05019501465784282
13,54,0.050114914890622475
13,193,0.04895995947108456
13,166,0.048351384051418145
13,53,0.047339584379874955
13,164,0.04588551064815538
13,192,0.04505437346225216
13,67,0.04277022519261198
14,107,0.16153420081694347
14,34,0.1482995540685399
14,48,0.13463889933987228
14,160,0.11354232303810186
14,13,0.09592186022788896
14,152,0.09111813833272986
14,25,0.0895931277869021
14,110,0.0834334664120665
14,16,0.07691616110343924
14,122,0.07542286635307183
14,175,0.06747292082755829
14,90,0.06284176536565522
14,155,0.0545776890122438
14,8,0.050909762735199315
14,138,0.04396118820328965
14,119,0.042182656842223554
14,104,0.03969786213971449
14,26,0.0396939332601709
14,92,0.039650023297701065
14,144,0.039489144729887404
14,23,0.0361142788526303
14,2,0.034683255407342406
14,134,0.0322206497316756
14,124,0.02821518563798442
14,30,0.027869138115006575
14,9,0.0276697410102561
14,55,0.027278597120792836
15,159,0.14490878413117247
15,187,0.06449420278223261
15,106,0.0580437390798928
15,156,0.05671813733254194
15,79,0.03392501960378913
15,153,0.0333847042977643
15,37,0.0289135625679261
15,142,0.02635977246149357
15,120,0.025817764411852573
15,129,0.025624994797169842
15,170,0.02553352154845112
15,116,0.024976031212995742
15,86,0.021967987669167632
15,157,0.0170806373222111
15,183,0.016869170861392835
15,124,0.015790171202849534
15,102,0.015490247495024478
15,198,0.014720503159060372
15,83,0.014705775777840269
15,7,0.01345007289965039
15,122,0.013397128290200233
15,82,0.013270148651131075
15,20,0.011607001655537852
15,68,0.01119985794738032
15,160,0.010774678969790785
16,25,0.67110499370195
16,110,0.5409550553344177
16,76,0.26334968581247864
16,134,0.2040518538394529
16,170,0.1377861471568247
16,103,0.13112983415554802
16,167,0.0855202875383202
16,34,0.07959188727023692
16,14,0.07691616110343924
16,125,0.07623177728164587
16,8,0.07542467094714478
16,171,0.06112388130558033
16,133,0.050319972297327764
16,108,0.04566295061761727
16,173,0.04019133072402692
16,35,0.036539945892676395
16,161,0.0364423384012218
16,9,0.03279886667815379
16,117,0.032208745045137155
16,115,0.030615175749421297
16,144,0.029998054591092282
16,6,0.028839669335792406
16,11,0.027166449248219315
16,142,0.02681586519619361
16,90,0.025488860830998328
17,18,0.23323605139248693
17,90,0.12625208247752218
17,24,0.09672801467946912
17,91,0.09478239325464599
17,39,0.08993586289772248
17,108,0.08839831226781791
17,29,0.07798899821953342
17,137,0.07173134576996276
17,118,0.069621165338421
17,173,0.061526559873137376
17,134,0.060083096972519456
17,67,0.05758243507873617
17,71,0.05728131643837464
17,159,0.05480632593648005
17,125,0.05414558602614217
17,87,0.05343609715135278
17,107,0.05306818261943236
17,64,0.05065250800332455
17,62,0.04660123187816023
17,58,0.0446362615917375
17,160,0.04232708166466148
17,37,0.039854580832132336
17,89,0.03705691157613333
17,184,0.03683733833699976
17,88,0.03590242397102639
18,17,0.23323605139248693
18,67,0.17171761299142574
18,187,0.1645181648074383
18,62,0.1237161785094052
18,65,0.11494686075075466
18,64,0.11275688347205093
18,74,0.11053461735802061
18,90,0.09460935220362532
18,71,0.07912848381880055
18,179,0.0752262837253811
18,58,0.07373757939406567
18,73,0.07108251123495846
18,9,0.07015547606047057
18,29,0.0637843520088156
18,57,0.0612907432023283
18,154,0.057712650565065915
18,157,0.05371786911908871
18,145,0.04985145769702304
18,146,0.04779510292003575
18,11,0.04753675796826751
18,75,0.046513064533236004
18,129,0.0449521578280041
18,119,0.043894600673610285
18,144,0.041489342587968214
18,148,0.04105502278349693
18,52,0.03819047242011331
18,77,0.037538178513566445
18,40,0.03634253314338598
18,131,0.03506999494751628
18,184,0.03270668715400238
18,37,0.030427947801839217
18,19,0.02944232719481199
18,152,0.028334103666227572
18,85,0.02825195144688386
18,151,0.027128167465250153
19,64,0.12827847806808002
19,180,0.047805464305766265
19,37,0.04730575222152178
19,20,0.041572471636895925
19,71,0.039401943514889015
19,62,0.038655902051496493
19,29,0.03684168538611976
19,18,0.02944232719481199
19,67,0.025423244363544484
19,58,0.025185679544127426
19,179,0.023761535733631156
19,17,0.02221791218269986
19,52,0.021274056699847832
19,65,0.01864549029520679
20,29,0.2851764803756891
20,118,0.16709681244136276
20,71,0.07835534060079619
20,90,0.05043272540580912
20,19,0.041572471636895925
20,58,0.027878351967012938
20,62,0.027182831906201743
20,67,0.023499789410298955
20,18,0.019595004512769854
20,17,0.017609148234669192
21,124,0.3102650443830377
21,160,0.18193475798719771
21,23,0.17723849115429957
21,63,0.08937207259740365
21,181,0.0792308287457486
21,154,0.05965535476140793
21,193,0.052231891642187556
21,175,0.04284478418582771
21,32,0.035312489405584624
21,138,0.03445929022786509
21,182,0.033203423086049844
21,133,0.03216333397262994
22,79,0.2561434525729319
22,3,0.11043239099931612
22,186,0.058923114028542
22,192,0.05750985008387899
22,169,0.04826716873310699
22,102,0.0470585406831554
22,84,0.03798091279782301
22,156,0.03677736469157156
22,124,0.029360401914001466
22,35,0.02515954110943519
23,124,0.2961908970656426
23,160,0.21128117758628295
23,21,0.17723849115429957
23,171,0.1592594073938609
23,117,0.1417804531310789
23,26,0.10911178554709577
23,181,0.09644002505151272
23,47,0.06766996465716923
23,44,0.058173271951006966
23,77,0.04981693256284425
23,42,0.04824333267189518
23,113,0.04673609180885585
23,57,0.04381496244369332
23,132,0.04133456412867442
23,32,0.041009464011923846
23,164,0.03918885550009077
23,172,0.03799494883417176
23,133,0.036653801924812934
23,175,0.03652640187430556
23,14,0.0361142788526303
23,167,0.03522285511269729
23,33,0.03507954375779776
23,112,0.03341899077409527
23,8,0.03255275049096662
23,195,0.031644201752413226
23,134,0.03154223322029015
23,185,0.031066773040627993
23,97,0.03101375209767554
23,99,0.030136317996734552
23,76,0.029052132527218832
23,154,0.028962999698876946
23,179,0.02783017101514862
24,39,0.35336769837097526
24,29,0.29266245470104446
24,75,0.18606128782643605
24,144,0.13818102317511172
24,128,0.10510210989995405
24,154,0.09934944328695561
24,17,0.09672801467946912
24,158,0.09213225225693578
24,148,0.09200987473374722
24,51,0.062042292031679214
25,110,0.7431487329468448
25,16,0.67110499370195
25,170,0.15072456578395022
25,125,0.10908205166877016
25,34,0.10328077420372728
25,14,0.0895931277869021
25,171,0.08528299475820478
25,173,0.06250315032044595
25,161,0.05767192605339677
25,35,0.054385443713414805
25,133,0.04997113059345226
25,108,0.04617477332585862
25,8,0.04551740552633943
25,144,0.042497876097513876
26,117,0.16979135821224545
26,74,0.16401152063252888
26,143,0.1366929348363235
26,195,0.12512932080150496
26,23,0.10911178554709577
26,130,0.08924076183876006
26,76,0.07498494099814224
26,167,0.06866727646680049
26,159,0.05006659483231757
26,127,0.04792184487144857
26,33,0.04759318900805043
26,77,0.04641942434895652
26,35,0.04271126080109178
26,55,0.04225986673127802
26,14,0.0396939332601709
26,193,0.03237549194748801
26,34,0.03052576746775959
26,145,0.02612973857202916
26,124,0.02504791059924283
26,181,0.0238431828881287
26,54,0.023102127549492035
26,61,0.02276797669165853
26,156,0.0226208422347679
26,9,0.02249623563896952
27,147,0.2787442586076081
27,141,0.20468155707559132
27,80,0.16636884909745797
27,69,0.14284950105302008
27,161,0.1111123087797401
27,8,0.10681399673136616
27,103,0.09141986534564994
27,86,0.08836892511479455
27,83,0.08300618295700501
27,84,0.07563004104241333
27,119,0.07520885379747666
27,165,0.07514883985649468
27,40,0.0749722591734836
27,48,0.06904763828702887
27,49,0.06666579811527384
27,181,0.06493395764309196
27,168,0.06459662838025293
27,155,0.06208262062570691
27,79,0.05894630308336346
27,127,0.0584865360065151
27,96,0.05743313364083724
27,150,0.05287913944745315
27,113,0.0520280200143578
27,160,0.044446776545424505
27,151,0.04354853578682405
27,100,0.04132884035022866
27,117,0.041046709604423914
27,97,0.040888291283278755
27,133,0.03915794551628771
27,61,0.03847351049067671
27,110,0.036975708872795665
27,1,0.02838336999952029
27,91,0.02595346738942106
27,7,0.024847614466998014
27,108,0.023741443218062153
27,47,0.023612891534855462
27,95,0.02183395079684103
27,126,0.021717709962509324
28,101,0.4030234990631796
28,102,0.3215283326851104
28,133,0.27854676064486883
28,138,0.2427594116382663
28,186,0.11291894981060668
28,180,0.07181944247447059
28,126,0.07079080008974703
28,162,0.07074114620651206
28,10,0.05848490199914225
28,100,0.05412432958865199
28,3,0.0448713401277393
28,63,0.04353878837191383
28,132,0.04078808095990827
28,40,0.03928164167107984
28,61,0.03858659706377232
28,86,0.032684010838503696
28,141,0.0322098126768019
28,178,0.03216497212802372
28,80,0.029643577160525014
29,39,0.3835168809272347
29,24,0.29266245470104446
29,20,0.2851764803756891
29,128,0.15089895339224246
29,118,0.13255570942577477
29,67,0.1245402549387169
29,71,0.10656360309654822
29,17,0.07798899821953342
29,144,0.07034972532096373
29,18,0.0637843520088156
29,154,0.06267247833244072
29,73,0.05461652647300752
29,51,0.05386653203415104
29,149,0.05197766118994129
29,37,0.05089146855312632
29,65,0.050057993901065245
29,75,0.047373750011344584
29,64,0.04122898120572305
29,129,0.039106005886609285
29,19,0.03684168538611976
29,90,0.03554467576133824
29,58,0.034588523909159674
29,148,0.03344959719207008
29,43,0.031857316074463515
29,179,0.03161231841396339
30,155,0.6340765645813904
30,115,0.2229395407094268
30,48,0.19431386523096184
30,125,0.1578023161003358
30,133,0.12555754354601634
30,160,0.09644448188920374
30,168,0.05469625514049048
31,36,0.12285172697244484
31,9,0.052922271835016965
31,163,0.03761830096385521
31,198,0.021664995822103905
31,114,0.02106401094282817
31,81,0.019905299439219704
31,120,0.01201171587014993
31,140,0.009335074424742351
31,60,0.008728268552195884
31,101,0.007307481615613676
31,54,0.005787865904904987
31,122,0.005772090334639768
31,68,0.004460797630497226
31,52,0.00420454667008574
32,61,0.12451338147522195
32,37,0.08825324074630359
32,127,0.043421518487625876
32,51,0.0429663331346366
32,23,0.041009464011923846
32,3,0.04078594063288543
32,12,0.037266450883717495
32,124,0.036483013856497215
32,71,0.036353300273335054
32,21,0.035312489405584624
32,55,0.034954849917660735
32,161,0.03456846135360747
32,160,0.030101174320852242
32,128,0.02971312871043852
32,76,0.025998326365750057
32,146,0.025823409866032265
32,10,0.025218813115332916
32,173,0.02427749842382554
32,164,0.02371223430408731
32,191,0.02234659344071044
32,92,0.02182280079784016
32,133,0.020815146449752242
32,132,0.01853443871016014
32,186,0.018119454418598413
32,60,0.017759969101715845
32,19,0.016669858540862226
32,105,0.015815399497719596
32,44,0.015645435988340672
33,54,0.2131452874437787
33,82,0.2118492410259829
33,116,0.06832986488720338
33,93,0.057315201129843896
33,195,0.05280669939671934
33,113,0.052421363447176406
33,145,0.05150564325332274
33,117,0.04832874366535811
33,26,0.04759318900805043
33,167,0.03621898553530967
33,2,0.03572956127078031
33,92,0.035529497439469426
33,23,0.03507954375779776
33,157,0.034602561994959036
33,77,0.031952970856287344
33,152,0.029959341951450336
33,105,0.025852779848483
33,170,0.025694427768012784
33,106,0.025629279460290144
33,49,0.02513186088052899
33,156,0.024351390540837126
33,114,0.022766067412746338
33,53,0.022140376352168922
33,55,0.020049435467103915
33,71,0.01872362769586111
33,13,0.017061277554844878
33,90,0.016268450270958024
33,159,0.016032382789673894
33,14,0.015572351640099846
33,132,0.014449321361208356
33,9,0.014427310270168303
33,97,0.014068267857150096
33,76,0.013731901231045618
33,40,0.013528804806046124
33,102,0.013301956373906743
33,143,0.01303031717464509
33,7,0.012878934402390518
33,41,0.012875191273770126
33,74,0.012396870317072817
33,129,0.012099616987363948
34,104,0.31256815503840896
34,14,0.1482995540685399
34,25,0.10328077420372728
34,108,0.10130699175501823
34,66,0.09705223091208182
34,110,0.0952360143037545
34,125,0.09438464343428332
34,6,0.08934901259741634
34,16,0.07959188727023692
34,40,0.07552800958515171
34,174,0.05521391378353824
34,188,0.04386025705388663
34,26,0.03052576746775959
34,9,0.029110676753800635
34,37,0.02907760737650722
34,84,0.022382666803533513
34,195,0.02105511195211096
34,170,0.018937197161268404
35,192,0.16776011787198697
35,84,0.11850875937067629
35,52,0.09801102066425993
35,172,0.07537830364950082
35,119,0.0748029126046641
35,127,0.07206068855341785
35,175,0.0694451044599913
35,7,0.0679930828901607
35,114,0.06602563425421393
35,186,0.058725410165593184
35,130,0.058447958583851434
35,141,0.0570380795355403
35,106,0.05616205746437486
35,107,0.055499812357615474
35,185,0.054564338112025434
35,40,0.05454720502144639
35,25,0.054385443713414805
35,104,0.05195188116766114
35,176,0.04915753719637772
35,120,0.04489457692862686
35,110,0.04301312555692438
35,26,0.04271126080109178
35,195,0.04254215632029379
35,174,0.04179488794462616
35,86,0.038414894696212176
35,16,0.036539945892676395
35,95,0.03316549013276893
35,126,0.03265165834323658
35,142,0.032441292058956184
35,135,0.031367567645258165
35,113,0.03120015523435804
35,169,0.03023193298081861
35,146,0.029546941461707776
35,1,0.02919147553097412
35,67,0.028104924940982157
35,165,0.027979222101031875
35,22,0.02515954110943519
35,112,0.025086487816303515
35,97,0.024479668271303767
35,118,0.023513127894951857
35,79,0.02331865511889164
35,147,0.02323259023920432
35,71,0.02271187603550351
35,3,0.022430494933623923
35,133,0.02224572361687749
35,178,0.020752681943553508
35,143,0.02037811309877413
35,171,0.02014168638864411
35,9,0.01882610956136943
35,49,0.01871663935183443
35,138,0.016832500618468083
35,124,0.01618418233271257
35,179,0.016170752817106226
35,101,0.01586152011350983
35,198,0.015705041359294736
35,90,0.015043610166557309
35,115,0.014946216146845215
35,105,0.014806269275303485
35,132,0.014696851303326874
35,194,0.01327494656054562
35,136,0.013224644890447834
35,152,0.013208623236620753
35,69,0.012919484982994445
35,128,0.012888879889442095
35,92,0.012391977227392048
35,37,0.011917383452359376
35,8,0.011631654046708295
35,12,0.011196711890729238
35,85,0.011041814655321835
35,83,0.010998887054336381
35,54,0.01085102445173658
35,187,0.010750618414687385
35,117,0.009992157396122248
35,139,0.009668378683074463
35,189,0.009597687611118011
35,190,0.009165095681675672
35,34,0.009102535544111667
35,15,0.008994460927503112
35,89,0.007731723588039974
35,137,0.00766867847700059
35,122,0.007465114675790807
35,145,0.0070949851725378155
35,170,0.006845242280850261
35,125,0.006810312661869933
35,23,0.0066582653834221794
36,81,0.20594851032229844
36,163,0.12536256624771258
36,31,0.12285172697244484
36,140,0.10598678086741575
36,60,0.06468913717659608
36,59,0.029443854882285736
36,56,0.026263524528476134
36,123,0.01620349523618614
36,68,0.012097905516601948
36,99,0.011093758031610945
36,7,0.010941678782785624
37,173,0.1171274115987424
37,63,0.10112087688255678
37,128,0.09926242217711478
37,71,0.090239446967878
37,32,0.08825324074630359
37,39,0.0751796071958386
37,90,0.06484374556698425
37,50,0.0619658996593031
37,13,0.060418996020863425
37,9,0.05696819270661946
37,10,0.05667827006764181
37,29,0.05089146855312632
37,19,0.04730575222152178
37,164,0.04514628172442536
37,17,0.039854580832132336
37,52,0.0392873535705367
37,151,0.038621755096391985
37,108,0.03770267572380526
37,11,0.03650169820336213
37,189,0.03639378492631051
37,149,0.033421892744265325
37,24,0.03284621539686572
37,176,0.03271953443421172
37,119,0.031456065656399024
37,127,0.030974483722040147
37,18,0.030427947801839217
37,34,0.02907760737650722
37,15,0.0289135625679261
37,143,0.02871493846728601
37,137,0.0274834316774899
37,56,0.02707136437842972
37,170,0.026845215765033403
37,182,0.026769646718932782
37,110,0.026613956963445817
37,112,0.026279856819634406
37,160,0.02445817523689542
37,84,0.024163187643891026
37,64,0.02406390281371984
37,129,0.023393745861304938
37,58,0.02336743884195136
37,65,0.02263674908891311
37,51,0.022162085705873524
37,46,0.02209080976158906
37,43,0.021662485774091134
37,146,0.02129307095757993
37,135,0.021287096629638902
37,12,0.021059624962787127
37,141,0.021011273079690862
37,157,0.020990909153815407
37,187,0.02069449641694998
37,83,0.020072334168673267
37,150,0.019983829097338646
37,154,0.019245819512440976
37,153,0.018983815420781425
37,23,0.018191526383805723
37,162,0.0177363827181084
37,77,0.017573839237317812
37,122,0.017313891557941385
37,57,0.017237287517837263
37,8,0.016602140647913544
37,3,0.016136465781724563
37,114,0.015972368648193958
37,132,0.015900354043658638
37,188,0.015726540469666705
37,76,0.01550715990175866
37,183,0.015099550283311003
37,40,0.014729932638624432
37,89,0.014314577568748321
37,179,0.01425970355348316
37,185,0.014212683491109712
37,67,0.014138858320255299
37,16,0.013642025640140831
37,174,0.013466061272017105
37,92,0.01345505156527882
37,169,0.013409719464069325
37,134,0.013272613867851502
37,79,0.01321559256387339
37,91,0.012810395047850753
37,161,0.01271690837462236
37,42,0.012275155577127772
37,107,0.012117957465629825
37,35,0.011917383452359376
37,55,0.011681730830627957
37,14,0.011069920394563781
37,139,0.010991446065070964
37,192,0.01040356288913602
37,111,0.010236693394541807
37,159,0.009964914838595074
37,178,0.009838103362284967
37,113,0.009129566053309501
37,117,0.009040166178658327
37,102,0.008964565031810534
37,68,0.008388416143120248
37,86,0.008384638956103418
37,20,0.00819493074865596
37,47,0.00813733299575492
37,148,0.008027178497963527
37,85,0.0078972198699796
38,109,0.24398755258058014
38,4,0.055894204185341745
38,153,0.037258476240637495
38,194,0.03626334979144741
38,5,0.021061363067099714
38,142,0.02030944137929991
39,29,0.3835168809272347
39,24,0.35336769837097526
39,128,0.24335285400310502
39,17,0.08993586289772248
39,118,0.08895247029623865
39,149,0.08415414870390603
39,37,0.0751796071958386
39,64,0.05384870904831496
39,182,0.04320791879348329
40,113,0.08608823442572044
40,176,0.07554931358720962
40,34,0.07552800958515171
40,27,0.0749722591734836
40,10,0.07294067438189222
40,104,0.07242087519317997
40,180,0.07069783141714092
40,77,0.060301961131741466
40,187,0.058490409136055854
40,35,0.05454720502144639
40,173,0.04589632289117984
40,9,0.04536064993820699
40,157,0.0407292866620943
40,169,0.03943071336367465
40,28,0.03928164167107984
40,75,0.03773217850926369
40,18,0.03634253314338598
40,108,0.036166140980476436
40,171,0.03517207367458541
40,84,0.033993711347719
40,119,0.03366094895568883
40,52,0.033250544102801594
40,172,0.03302474003477507
40,97,0.028182197901923223
40,116,0.027747974330488923
40,148,0.027622036244385306
40,141,0.027261612352003972
40,73,0.026460652898873227
40,76,0.023711293826215507
40,65,0.02370359673849798
40,134,0.021484943383992205
40,105,0.021009668590086794
40,189,0.02091858924121992
40,139,0.020559577160056852
40,114,0.020438697641122716
40,12,0.0199290861357293
40,89,0.019702488074905267
40,185,0.019306360177362314
40,67,0.019298237476507163
40,160,0.01911556666196157
40,51,0.018892530166056853
40,112,0.01880254567150408
40,54,0.0185959980600785
40,26,0.018478338321767707
40,128,0.01837057207336734
40,179,0.017755471395467293
40,6,0.017575259268342247
40,154,0.017535782220233997
40,117,0.016840815769773698
40,85,0.016584080999706097
40,106,0.015770150846742936
40,93,0.0157514370856201
40,143,0.015454438241606638
40,44,0.015448464822705565
40,2,0.015404338949488339
40,194,0.015363901364697119
40,14,0.014850126731034696
40,37,0.014729932638624432
40,162,0.014501633245347922
40,79,0.014498910306899315
40,124,0.01365418514272232
40,33,0.013528804806046124
40,152,0.012777574207148312
40,53,0.012581403608175501
40,192,0.01215305286565549
40,78,0.01208324913200054
40,66,0.012061205760967586
40,50,0.011899987903828957
40,159,0.01184694903559469
40,175,0.011705720273830877
40,58,0.011660229560418789
40,63,0.011509802819629433
40,11,0.011364719113280741
40,1,0.011305885131678517
40,91,0.010899272398633864
40,74,0.010831531012541529
40,111,0.010683069280805091
40,197,0.010665650278648298
40,86,0.0106308579373956
40,145,0.010572576218474738
40,13,0.010429902871108454
40,7,0.010140935031142773
40,186,0.010029077936573483
40,16,0.009791247828707883
40,156,0.009765961978035587
40,109,0.009575795586223124
40,146,0.009541252958293667
40,90,0.00951667576380899
40,61,0.009476868815705197
40,64,0.009456072297520768
40,196,0.009406154387438859
40,118,0.009224652159290359
40,8,0.008761318212639368
40,138,0.00845214710491804
40,102,0.0084427680650635
40,183,0.008230986219985637
40,135,0.008125730982952106
40,92,0.007993310008744925
40,193,0.007753288661151214
40,59,0.007733818055920771
40,17,0.007656100967190715
40,167,0.007488387114970796
40,177,0.007316634165398739
40,29,0.007095759358617615
40,82,0.007087237123071466
40,164,0.007061577928831775
40,57,0.00687604548891152
40,132,0.006847633700129863
40,49,0.006368980283403269
40,30,0.006290194834540408
40,188,0.006009859653521299
40,107,0.005929264160231651
40,4,0.005839780398465333
40,151,0.005830011912638322
41,13,0.1581014960655398
41,92,0.10402846546241995
41,2,0.08277630342417075
41,55,0.07569717330220171
41,152,0.07455653940825091
41,164,0.05639135500808157
41,138,0.05516795945813169
41,193,0.051787963116403324
41,166,0.04757952247030206
41,43,0.0464799344964244
41,195,0.031480819757538914
41,93,0.031243448659519335
41,69,0.031113215860561816
41,183,0.02925971958799345
41,53,0.028979596230697013
41,148,0.026685153303624753
41,63,0.026545306376447697
41,68,0.02639386301674429
41,197,0.02334133616043499
41,157,0.02329507166202449
41,196,0.023256172863946545
41,154,0.021346364277924024
41,82,0.02037239121596346
41,44,0.020350388443478917
41,170,0.01922536359248761
41,167,0.01897361234477213
41,58,0.016873089854818613
41,116,0.016651249269915347
41,100,0.014797896002490707
41,47,0.014337963849442525
41,162,0.013501956409296412
41,33,0.012875191273770126
41,7,0.012598947619552714
41,102,0.011815161808659047
41,101,0.011702751302836933
41,29,0.010934610815826029
42,181,0.18540301812798987
42,186,0.13931234862663078
42,8,0.0957899293724509
42,102,0.05120083289005839
42,23,0.04824333267189518
42,100,0.04778395428536042
42,164,0.0401741088471077
42,116,0.03552419423694653
42,162,0.0319876510536119
42,101,0.02924190749229183
42,153,0.02448777392026913
42,124,0.02029928494665212
42,80,0.01983662927277352
42,150,0.01584743571326286
42,135,0.015489327997157298
42,126,0.01485001893463933
42,113,0.013733821098809607
42,79,0.01333061245271816
42,37,0.012275155577127772
43,47,0.5368898465237311
43,183,0.32739379262393664
43,172,0.31037335438220715
43,53,0.2218023543123382
43,193,0.21553223199994442
43,55,0.10110293286221927
43,152,0.09240174479965457
43,138,0.08638489516851466
43,68,0.07522997840549839
43,93,0.07317956841447038
43,51,0.06571048193856999
43,63,0.06299749921235476
43,44,0.05973532287673877
43,2,0.056791625625631226
43,92,0.05359955003045991
43,166,0.05048974050518573
43,41,0.0464799344964244
44,138,0.15487309981965103
44,1,0.13955862618541692
44,172,0.12022946860268213
44,188,0.09771169261895207
44,2,0.07755661660066826
44,56,0.07205023428858803
44,53,0.06488325462003486
44,43,0.05973532287673877
44,23,0.058173271951006966
44,55,0.0526638011774363
44,195,0.050399492852781336
44,60,0.0488878806148807
44,92,0.0487896750049015
44,152,0.04112884296409136
44,93,0.03881767875859321
44,59,0.038020578410174366
44,68,0.03185595745079972
44,116,0.031013438917470992
44,77,0.029783282540637335
44,167,0.029675499208737244
44,63,0.028370599072918057
44,183,0.02817444173112038
44,54,0.02753307211086209
44,113,0.02472069666164267
44,157,0.02471837711936342
44,13,0.023713867432265556
44,105,0.021788986523353815
44,174,0.021610730692449454
44,166,0.020692881718220812
44,114,0.02038516710910354
44,41,0.020350388443478917
44,193,0.020202087114058798
44,7,0.020128738725820883
44,52,0.01914957258617367
44,164,0.015985301324503598
44,140,0.015957790530393035
44,32,0.015645435988340672
44,76,0.015511666102024257
44,40,0.015448464822705565
44,8,0.01424464022172478
44,67,0.013998305524313581
44,65,0.013819627799616319
44,112,0.012964082593778792
45,197,0.019731619893864072
45,8,0.01730520716645989
45,196,0.007760593327788001
45,59,0.006637887454699731
45,28,0.006034653459189965
45,133,0.0052801430035920305
45,157,0.004143318204369417
45,47,0.003702147356101082
45,170,0.003248653307282634
45,7,0.0025749082085508856
45,181,0.002501630413795919
45,43,0.002380645689798122
45,172,0.0019499102863089757
45,183,0.0019054850418608327
45,150,0.0018633115060446848
45,136,0.0017571809575576136
45,53,0.0016717825335275105
45,195,0.0012726939883466182
45,114,0.0011872874563352287
45,193,0.0011572472281503599
45,86,0.0011412811436437575
45,140,0.000954780181205761
45,121,0.000871697315405151
45,110,0.0008475575606344821
45,124,0.0007634618042423602
45,6,0.0004853233523210987
45,33,0.0003800008375660635
45,93,0.00031459732237026916
46,10,0.28869509022578765
46,11,0.07207937948564835
46,91,0.0416467361302395
46,119,0.033552390216127215
46,17,0.030701958257907225
46,87,0.028431050098413735
46,96,0.02342302720844014
46,185,0.022119211730441846
46,37,0.02209080976158906
46,90,0.021491316491483614
46,52,0.02030025508525568
46,152,0.019325808752602147
46,88,0.019310162904165873
46,149,0.012752113558598843
46,9,0.012329877029018665
47,43,0.5368898465237311
47,172,0.3472546368918612
47,183,0.32507633133219604
47,97,0.1792295803881372
47,193,0.15743284066670538
47,53,0.10731303221735311
47,164,0.10490560918168357
47,161,0.07400783442494652
47,55,0.07292014628124577
47,23,0.06766996465716923
47,160,0.05838622846933561
47,93,0.040678297404664
47,147,0.03672987269102035
47,141,0.03544265223831611
47,150,0.03417718602977626
47,170,0.03119373390149882
48,160,0.3761633888643965
48,155,0.26199057810729265
48,30,0.19431386523096184
48,14,0.13463889933987228
48,115,0.12984966523606967
48,133,0.12057616545335448
48,134,0.10905234564117772
48,125,0.0875714355055981
48,27,0.06904763828702887
48,146,0.056215905739305905
48,147,0.05148046313646848
48,135,0.047229974823988385
48,158,0.04716757248504155
48,168,0.045855252589158235
48,141,0.03915089398700278
48,159,0.036099020499992696
49,112,0.08542748665814148
49,3,0.0723448431984881
49,119,0.067468425741393
49,27,0.06666579811527384
49,7,0.06460456252645119
49,181,0.03708309896125994
49,198,0.034680208427059545
49,117,0.032513454608510295
49,172,0.03194764140546891
49,164,0.028962510595145874
49,33,0.02513186088052899
49,76,0.0218032996491051
49,6,0.0210417935875582
49,35,0.01871663935183443
49,150,0.01814989299058789
49,106,0.01784077939026718
49,26,0.016879268719703577
49,12,0.014604969785464217
49,22,0.014340682332414145
49,84,0.013996145804234916
49,152,0.013418558399091673
49,9,0.012723880808016008
49,128,0.011765121771316611
49,127,0.011610214374512706
49,4,0.00975868574494032
49,16,0.009567152860362027
49,44,0.009555630133868065
49,192,0.009375752326094777
49,11,0.00911377400673008
49,2,0.009002049672315326
49,186,0.008312308149424408
49,146,0.008018111766026292
49,61,0.007996921957084013
49,97,0.007509003104433365
49,187,0.007496161322206096
49,77,0.007327587667124491
50,173,0.07628390573876109
50,63,0.06474319028207187
50,37,0.0619658996593031
50,8,0.052530145140586626
50,2,0.047409658042549596
50,55,0.0359543465197365
50,89,0.032844226495535755
50,169,0.028978976275761514
50,174,0.026888057025449386
50,166,0.023816633767571926
50,87,0.021524128856648783
50,43,0.020617235534467593
50,189,0.017558282064993436
50,162,0.017296000203307682
50,159,0.016952603583664683
50,112,0.01694437666227
50,96,0.01472088542278327
50,77,0.01456002944839252
50,177,0.01376382005391541
50,17,0.013553725069107125
50,85,0.01341502283697571
50,108,0.013062883909471856
50,119,0.01305395685353361
50,1,0.012674721365413921
50,152,0.012609460643495884
50,25,0.012280396161339358
50,88,0.01223381897519571
50,40,0.011899987903828957
50,53,0.011821306854864821
50,13,0.010672169652798935
50,92,0.010126404536664801
50,146,0.009656121606252954
50,98,0.00913460285561074
50,176,0.00896488683423291
50,110,0.008372376986209962
50,164,0.008368943011292873
50,68,0.008230035613841391
50,151,0.008047900354320014
50,135,0.007814315491754598
51,137,0.22443921449129878
