Source,Target,Weight
0,105,0.0750697230942885
0,127,0.06668902273001343
0,110,0.06034839094984101
0,68,0.03400201748320553
0,181,0.019136729158975463
1,167,0.159108510840826
1,151,0.1518305568929107
1,192,0.14378566456301833
1,50,0.13654140289762629
1,136,0.12011127811166089
1,90,0.10318269970509397
1,52,0.10202103289898101
1,174,0.09617352625138897
1,13,0.08942931497796835
1,41,0.08819468780778361
1,194,0.08398597848915734
1,188,0.08053065996336628
1,91,0.07898539080408684
1,39,0.07778209662312563
1,164,0.06356609414288683
1,175,0.06130776107452973
1,177,0.06081876476688863
1,55,0.056602399800087744
1,92,0.05375487879462548
1,47,0.049277307879166066
1,49,0.04916012133153902
1,64,0.047240316230028556
1,57,0.04678811964468743
1,7,0.046429605440398536
1,59,0.04448462275255338
1,144,0.03847756255135826
1,156,0.03834198225331409
1,111,0.03742219746288278
1,5,0.0354404106509415
1,169,0.03510672093026357
1,31,0.03477836962372727
1,15,0.03454652345575826
1,53,0.034399095027218385
1,74,0.03395169048576363
1,112,0.03349628585115516
1,171,0.0316939882955416
1,176,0.030951912256256042
1,87,0.027657057391748507
1,166,0.02638979516456208
1,184,0.02195751612313701
1,120,0.021725879255120706
1,115,0.02089787572659474
1,183,0.017554945927017562
1,38,0.015728001149525994
1,9,0.014737346072827728
1,17,0.014052584461797024
2,69,0.18635080563980444
2,82,0.09585833384051023
2,169,0.07358659847022808
2,105,0.07117628597436232
2,139,0.062292596958591795
2,181,0.05917974675164761
2,84,0.05917818746342207
2,106,0.05897924263365384
2,171,0.05890137058929601
2,118,0.057692241107621944
2,185,0.052347751711028234
2,175,0.04827565976842141
2,111,0.047452561035768115
2,70,0.046840770829140954
2,134,0.04610390263856645
2,116,0.042735159082833096
2,27,0.04260269962534047
2,14,0.041816742218712344
2,46,0.036138784835532345
2,193,0.03530569053655963
2,121,0.0349801212696057
2,22,0.03373616234240273
2,178,0.03011665632578131
2,159,0.029896493409625635
2,90,0.028177171046895544
2,59,0.026830113581511328
2,21,0.02634686463334468
2,88,0.026221065329250393
2,81,0.025711000723490973
2,141,0.025558241099202905
2,49,0.024806926216280112
2,195,0.02379484500663087
2,94,0.02355838523615439
2,93,0.0235384928924387
2,136,0.022775286409330575
2,100,0.02238417057971731
2,52,0.021757683092027413
2,122,0.020182306913724468
2,131,0.019704311766435167
2,164,0.019112958457029983
2,98,0.017712277477909044
2,77,0.017677307073363346
2,115,0.01742253019546114
2,101,0.01739094239570871
2,10,0.01687543942825731
2,63,0.016244543168624226
2,35,0.016139543403730028
3,108,0.31322453893520064
3,4,0.2518382899077547
3,195,0.24962874619465636
3,121,0.14325545231306114
3,155,0.1411300807153445
3,98,0.13237831250825094
3,163,0.08928392206740454
3,191,0.0736675827640001
3,132,0.05936207363891388
3,49,0.05909282172354269
3,36,0.05361650989799305
3,144,0.052502654989139086
3,141,0.03942198864986335
3,185,0.039143296474138056
3,6,0.037238458870645474
3,140,0.03442859084475569
3,133,0.02847301116545997
3,68,0.027526278927902492
3,111,0.020206576492942774
3,176,0.01999406041921381
3,61,0.019939311061064946
4,3,0.2518382899077547
4,108,0.11850521056879626
4,121,0.0732229987203794
4,163,0.050957031394316066
4,36,0.01693729007020428
4,98,0.01527399223521575
4,191,0.014741802917286329
4,195,0.011705189240972969
4,2,0.011316796239511318
4,171,0.010305854610283549
4,23,0.00908068404937501
4,16,0.008593664620210495
5,41,0.20676650759764614
5,12,0.1493074407564824
5,194,0.06007088445200681
5,173,0.055011521784049444
5,7,0.042928162143259674
5,52,0.03773056449839196
5,33,0.03763009313060417
5,38,0.03546453260985949
5,1,0.0354404106509415
5,108,0.02703069468423458
5,192,0.02579823016216065
5,91,0.025795471659627034
5,53,0.02358960169838875
5,136,0.02325018092778275
5,69,0.023198907261269164
5,74,0.02081099569988598
5,55,0.020678695625280574
5,148,0.01806089600940297
5,125,0.017912595831974465
5,183,0.01738786231877254
5,135,0.016804345416808864
5,145,0.01673545239993779
5,51,0.016495972973469275
5,175,0.016307328102655783
5,47,0.015869623901752172
5,26,0.015564215976389129
6,62,0.643766861375003
6,49,0.09582003720487298
6,32,0.08694829230034518
6,144,0.07657610672392745
6,185,0.06578785885494776
6,115,0.048957654727311395
6,3,0.037238458870645474
6,61,0.03347007464502516
6,67,0.03150237110494292
6,9,0.031431572620833736
6,17,0.029933931794302593
6,112,0.028413763210483278
6,107,0.027814102501405036
6,85,0.027639313788877184
7,57,0.1270427565079616
7,112,0.10847329301995612
7,58,0.10613726016354996
7,68,0.10532700078224455
7,136,0.08649529333634298
7,53,0.08448985952205434
7,193,0.07668923278304829
7,46,0.07169703121313842
7,115,0.06762787866419417
7,82,0.06367016423448457
7,49,0.062060863675195255
7,156,0.05835492603824599
7,64,0.048800989904147274
7,1,0.046429605440398536
7,96,0.045164276528503966
7,106,0.04367751237369133
7,5,0.042928162143259674
7,139,0.0370282093810258
7,91,0.033547488985237184
7,125,0.03352220024993191
7,185,0.03324287091066913
7,92,0.03275344878306652
7,50,0.031932579912483994
7,105,0.03080043488889217
7,85,0.027694048200239685
7,55,0.027478401136163177
7,148,0.025864097955205057
7,52,0.025254858828958282
7,144,0.02501931266903923
7,41,0.023512605033545464
7,160,0.019909937744288064
7,132,0.019091978461499348
7,151,0.018535194679318856
7,159,0.018129089949884825
7,194,0.017397269636919233
7,6,0.016999694416270916
7,146,0.01699663698060827
7,183,0.016955977144293977
7,167,0.016595742054631546
8,10,0.2537641971711351
8,145,0.19057826392079302
8,77,0.13875825085859206
8,106,0.13690564164378216
8,139,0.13506285019319975
8,165,0.12516826987265484
8,148,0.12044982079505917
8,162,0.11959810139521476
8,40,0.1122016952853564
8,160,0.10899172085886344
8,65,0.10441447038657425
8,107,0.1027993992748194
8,82,0.09366918535253865
8,13,0.09054442431971776
8,109,0.08162898371138583
8,171,0.08143534525394736
8,102,0.0699755795497945
8,59,0.0659007519699355
8,47,0.0655639315625991
8,159,0.0633764495339999
8,95,0.05907359177029714
8,81,0.05764320212925389
8,17,0.05325155673346493
8,170,0.047685296501815855
8,29,0.046552192790646485
8,84,0.04100733353778441
8,168,0.040589397435705
8,96,0.04039074987981772
8,76,0.0400123564090058
8,25,0.038222729687297896
8,132,0.0363343713727442
8,112,0.0338860504673405
8,176,0.032061372491481555
8,181,0.03186332657938995
8,150,0.03077275577628391
8,88,0.02967849577616488
8,43,0.02955322949400896
8,23,0.028842137259665224
8,169,0.028304689422947282
8,135,0.02427098987113263
8,45,0.02388486713470228
8,114,0.023367421305197533
8,87,0.023132924058995696
8,193,0.023070828271701482
8,183,0.022577684082916605
8,113,0.022481301794200048
8,94,0.021351792101585443
8,164,0.02107396489298774
8,99,0.021061219082771032
8,18,0.020475194593116197
8,74,0.020263935576191328
8,42,0.020187562235558953
8,35,0.019762037109725683
8,79,0.01958728603855253
8,33,0.0189491954772959
8,131,0.01862836035206228
8,172,0.01852282894981505
8,15,0.018336228372351715
8,158,0.017785472612468656
9,88,0.14359949685514806
9,142,0.1058626609926947
9,19,0.08849599099404182
9,113,0.08156485406396874
9,143,0.06773620953653081
9,118,0.06634747634774107
9,132,0.06062895326481632
9,35,0.05317030986176152
9,38,0.05151649993134011
9,169,0.04527283254071113
9,156,0.04442731616612261
9,190,0.041819567825311044
9,61,0.04089984139855074
9,17,0.040719099786914126
9,18,0.03995669703682192
9,117,0.038859120161653826
9,74,0.038323333800679316
9,32,0.038161879039428026
9,15,0.037789380408639994
9,11,0.0364043703304463
9,146,0.03630730872010646
9,122,0.03589600424648953
9,127,0.035751670565335125
9,33,0.0325864902597689
9,105,0.03247571243979441
9,6,0.031431572620833736
9,67,0.03127897368802157
9,26,0.03002385100534799
9,21,0.029764531946782857
9,63,0.027258303663758365
9,23,0.027086675650047187
9,116,0.025779326604959962
10,8,0.2537641971711351
10,43,0.1124513209296375
10,189,0.11127685018726541
10,83,0.09234322882753843
10,38,0.04585485785453569
10,61,0.03805012100232985
10,11,0.0373122561298207
10,27,0.026245772904958664
10,35,0.02446337679122601
10,171,0.023663918990629362
10,185,0.023626732476048073
10,49,0.023412735281207908
10,137,0.022583021031265638
10,63,0.019234872525164093
10,130,0.019225887779358408
10,2,0.01687543942825731
10,48,0.01679858406305723
10,174,0.015821572636920855
11,43,0.0984348944110025
11,19,0.0710169196759044
11,49,0.05312356336450719
11,58,0.05138293581023723
11,89,0.04897946177980095
11,35,0.046183065549308844
11,17,0.04481075000722545
11,56,0.04349146748009303
11,63,0.039721834595683125
11,10,0.0373122561298207
11,9,0.0364043703304463
11,25,0.03358202270517463
11,185,0.033062521354174645
11,141,0.030929539183958354
11,60,0.03062283081095518
11,109,0.029684108250112695
11,51,0.0289628986628111
11,74,0.02791379282188733
11,18,0.027053163908143163
11,139,0.026783122929992853
11,85,0.024692835793435064
11,68,0.023993903788834148
11,71,0.02387205667098702
11,153,0.022625658318312647
11,145,0.022109734799082292
11,38,0.021815271681736248
11,61,0.020965408642716565
11,149,0.020663285481528182
11,80,0.020071319154924105
11,20,0.019025014031875398
11,140,0.018722724324221618
11,82,0.018287901481793156
11,86,0.018240582573169073
11,88,0.01796985619205327
11,187,0.017213372264614057
11,150,0.016961218583867788
11,105,0.01667816174980219
11,132,0.016646849889457083
11,179,0.016510113362548262
11,184,0.015952413322118053
11,144,0.015744449241804737
11,176,0.015724160172016388
11,77,0.015378581934867075
11,21,0.015192563447461782
11,116,0.014818371417077536
11,8,0.014635222925318936
11,160,0.014376943667271158
11,189,0.01398317762724699
11,46,0.013966233195386812
11,169,0.013869545217896073
11,126,0.013868114424202882
11,164,0.013705666171493713
11,67,0.013124279813255257
11,7,0.01300039504836037
11,72,0.012777125673357648
11,16,0.012690019701716015
11,15,0.012510572463099279
11,39,0.01248821868646488
11,90,0.012393139166730793
11,28,0.012330769334278235
11,54,0.012296332101174423
11,129,0.011698117393374008
11,65,0.01161876512572202
11,127,0.011538334511171477
11,146,0.011445677896537276
11,81,0.010817123890715319
11,104,0.01058564552927821
11,113,0.010561706162482198
11,162,0.01015047510741307
11,180,0.010121445199888224
11,13,0.010075211481430868
11,33,0.009568062861608162
11,159,0.009554097216363577
11,156,0.009356820060099413
12,5,0.1493074407564824
12,38,0.13468425760689473
12,150,0.07441524243417341
12,70,0.035598904318805746
12,133,0.029272283009011746
12,69,0.027964747189721306
12,48,0.024255385331226287
12,144,0.021126283931010015
12,63,0.01780402206345455
12,49,0.017161833511278535
12,192,0.016593221236863354
12,59,0.016259816405364114
12,105,0.015305769115278367
12,14,0.015191845686469141
12,198,0.01452184383299715
12,84,0.013819895572120489
13,120,0.2640704194815584
13,110,0.11280433508418164
13,39,0.11130667057483468
13,90,0.10472948293967077
13,8,0.09054442431971776
13,1,0.08942931497796835
13,92,0.07406923126941911
13,15,0.07079374999839805
13,151,0.06692446999961232
13,43,0.06375960631676136
13,57,0.06190356897472937
13,169,0.060316327686564475
13,127,0.058664398083758895
13,166,0.052336393260084546
13,35,0.0470387294821204
13,52,0.045478387439738865
13,194,0.03975716461702561
13,130,0.03905994282618408
13,164,0.038847980457258235
13,51,0.03530833116586041
13,193,0.033855187178326696
13,50,0.03172701923846677
13,63,0.029348620208925702
13,184,0.027692706657875266
13,113,0.022570954727722525
13,41,0.021708433570620245
13,54,0.020627077967256824
14,59,0.0898581104640156
14,35,0.08719363772626032
14,125,0.04292603313851462
14,2,0.041816742218712344
14,23,0.040047633710367236
14,48,0.038782214472146026
14,122,0.03846848796024094
14,52,0.03813246298950701
14,21,0.037353216432137404
14,160,0.036870490397319156
14,126,0.03622823733595493
14,67,0.03551170108149071
14,159,0.03181366295834964
14,73,0.026574592735000402
14,131,0.025500719821351048
14,144,0.024281289300031594
14,174,0.02261540272137963
14,164,0.022390055170730894
14,147,0.021692112360726545
14,191,0.02139627889045903
14,140,0.020657372904519633
14,104,0.020317775549715367
14,90,0.019589870227870065
14,130,0.019026061837208008
14,41,0.018866700827151806
14,135,0.018516616533534314
14,186,0.017681081560950718
14,71,0.01640141081658797
14,54,0.016201307879289528
14,9,0.015524471079951141
14,12,0.015191845686469141
14,134,0.014318241552075395
14,74,0.014088691148411159
14,192,0.013249159220329765
14,118,0.012554069006060042
14,189,0.012279099332957788
14,112,0.012133904547801722
14,64,0.01207625150416114
14,58,0.011882907189188718
14,127,0.011767864814919093
14,10,0.011584861557262016
14,198,0.011004611012396248
14,43,0.010914298542041734
14,105,0.010631606245440461
14,169,0.010371000099264616
14,176,0.010013486679478656
14,68,0.009840804482120658
14,84,0.00984051378123274
15,45,0.17747678650211784
15,32,0.15025425115054925
15,106,0.11030455528950922
15,159,0.10831068189966775
15,29,0.10027220997315489
15,151,0.09308434152751832
15,184,0.09124049672633527
15,25,0.09112156941045413
15,17,0.0873864704452969
15,109,0.08156515196111758
15,170,0.08082810207604729
15,120,0.0759066593614206
15,88,0.07111114385428907
15,13,0.07079374999839805
15,103,0.06393075301445994
15,189,0.05375420652772689
15,155,0.0499005529985771
15,136,0.04540485714676423
15,26,0.041604920101578236
15,142,0.04035597086935183
15,135,0.04015880019257201
15,9,0.037789380408639994
15,90,0.03646926099660852
15,23,0.035867511291274745
15,1,0.03454652345575826
15,132,0.030374622953340258
15,104,0.030013240397812058
15,122,0.029678835177671448
15,138,0.02848580094499298
15,67,0.025621236487407106
15,150,0.024578725922962397
15,131,0.023915416288866398
15,130,0.023659059527466053
15,167,0.023537373737737233
15,192,0.023483281173655057
15,52,0.023447889993840176
15,149,0.022861828665269424
15,123,0.02268578605873295
15,87,0.02198372858724451
15,43,0.02191014044299866
15,116,0.02132744508939477
15,185,0.020899442910236155
16,158,0.13607793364527487
16,105,0.05823566636150823
16,154,0.05632745595700783
16,140,0.04380938210794605
16,152,0.038959208786340516
16,76,0.03097011512941228
16,35,0.029021220044547436
16,118,0.02867655747925324
16,127,0.02736333368208277
16,171,0.02467777555594519
16,115,0.02432494605320279
16,187,0.023731182520791427
16,183,0.023399078521749606
16,20,0.021606793789532897
16,156,0.01843377476369823
16,119,0.018125125143412357
16,101,0.0168084255859543
16,84,0.015256100358490343
16,81,0.014644803416628438
16,7,0.014489244594318107
16,122,0.014404595584079694
16,198,0.013496141207609336
16,120,0.013355459093086997
16,79,0.01335487176055139
16,64,0.013273544762595457
16,11,0.012690019701716015
16,52,0.011320560845374805
16,160,0.011309936468200776
17,25,0.7275944483611867
17,109,0.5603622581857821
17,73,0.3398343027835542
17,171,0.14349006430802902
17,123,0.10502522921844015
17,15,0.0873864704452969
17,32,0.08024514274816263
17,172,0.07828561215048913
17,131,0.06800498316952663
17,167,0.0626381116370821
17,160,0.053330314626101605
17,8,0.05325155673346493
17,174,0.0479210945400288
17,33,0.04714755588017572
17,11,0.04481075000722545
17,138,0.043044795784189516
17,116,0.041719667095456936
17,140,0.040793172321928584
17,9,0.040719099786914126
17,107,0.038855758099226145
17,114,0.03782891871896232
18,135,0.2673342319770554
18,19,0.19605948855727617
18,88,0.16221584133425693
18,89,0.10814781480094837
18,29,0.10539733706884491
18,37,0.10525265409125406
18,117,0.0810844303327054
18,106,0.0794455485581288
18,159,0.06850446246843023
18,107,0.06674931663988504
18,56,0.06668986036788971
18,85,0.06631448890234304
18,174,0.06608645158074267
18,132,0.06378628610858206
18,60,0.062058768676291676
18,63,0.06133373403206277
18,80,0.05793993063589242
18,28,0.057896516279802746
18,24,0.052615253723965916
18,146,0.050292570732129005
18,158,0.04896541312965186
18,35,0.04511406614381508
18,20,0.042466735231655894
18,87,0.041184138781856006
18,9,0.03995669703682192
18,67,0.03840745128542633
18,86,0.03834674945585459
19,18,0.19605948855727617
19,187,0.17446904019423948
19,63,0.15985263476148615
19,60,0.12913889661935551
19,80,0.11854011911898255
19,61,0.11268011210925488
19,70,0.10595702523098482
19,54,0.10349206027553737
19,88,0.09555100876922196
19,9,0.08849599099404182
19,69,0.08429733481985768
19,56,0.08206189861154112
19,68,0.07965460442551253
19,179,0.0756555490088785
19,11,0.0710169196759044
19,129,0.06692921162580412
19,67,0.06670540031088823
19,127,0.06493671808423884
19,153,0.06068831264802621
19,28,0.059967712159828546
19,156,0.052024487985758094
19,72,0.0476214261077228
19,143,0.04670855742779578
19,74,0.04454732097134584
19,49,0.04013409551734137
19,38,0.04012845153688949
19,142,0.03561568892823819
19,135,0.03223271388327853
19,149,0.03173582238788797
19,147,0.031578799730382134
19,20,0.031234031921012484
19,83,0.026873050053259018
19,144,0.02615620314442879
19,71,0.02509544731906843
19,24,0.02440079970068898
19,35,0.02373702069743666
19,105,0.022828225248914036
19,126,0.02234590456123875
19,158,0.02207095077347232
19,51,0.021430624633931084
19,151,0.020724974313383382
19,150,0.01853643400454663
19,111,0.016584649123842943
20,28,0.09320764204412946
20,88,0.06755034735689969
20,56,0.05472331386853735
20,60,0.05047420752348697
20,18,0.042466735231655894
20,117,0.038561314155841186
20,63,0.03609217037859036
20,71,0.035461849481394414
20,135,0.032096404374976406
20,19,0.031234031921012484
20,37,0.0226751234086221
20,16,0.021606793789532897
20,127,0.021587979920394074
20,193,0.02013667314383394
20,85,0.019290419725669028
20,75,0.019157823906484572
20,11,0.019025014031875398
20,153,0.018433786545534514
20,144,0.017786113598746933
20,61,0.01742787453060668
20,166,0.016908890281468802
20,86,0.015815329220026042
20,67,0.01348962142908594
20,186,0.013215455958541678
20,176,0.013125332401971446
20,80,0.012828055498344204
20,70,0.012787330462912583
20,68,0.012415071923918886
20,179,0.011919770463616919
20,13,0.011563590636380017
20,83,0.010283327586662172
20,156,0.010097025263733572
20,177,0.009463878042710205
20,5,0.009388608264405796
20,49,0.009158882722134387
20,54,0.00866150165614632
20,90,0.008255895361043208
20,72,0.008123688280019192
20,35,0.008046985621322222
20,105,0.006858324349263478
20,101,0.006781520898456739
20,184,0.006062449161478023
20,74,0.00604398332919498
21,122,0.34377561288943626
21,159,0.2177294974310442
21,23,0.16628135602345429
21,181,0.08275736521860944
21,153,0.06951761861675809
21,194,0.06212002382390025
21,92,0.056875709974753774
21,155,0.049693552748394265
21,131,0.042623726530438666
21,14,0.037353216432137404
21,136,0.03619262777502785
21,9,0.029764531946782857
21,64,0.029418585735766167
21,198,0.02717878745603375
21,2,0.02634686463334468
22,76,0.2605824276186468
22,169,0.06171534811346224
22,186,0.05954300694585868
22,193,0.04409750543615232
22,101,0.039994319434613845
22,82,0.03936430913409683
22,154,0.03702848366744382
22,2,0.03373616234240273
22,122,0.03124124079704904
23,122,0.27440606071429896
23,159,0.2160855030234673
23,21,0.16628135602345429
23,172,0.16147692449580608
23,116,0.11496904564316002
23,26,0.11368067979893448
23,181,0.08636722471020108
23,41,0.07229665367239757
23,44,0.0708438788830612
23,184,0.05179925420446041
23,74,0.05075021246926359
23,40,0.0488878964556515
23,131,0.04700796515507644
23,112,0.046613827398241936
23,130,0.04213865981626452
23,132,0.04115383913551962
23,14,0.040047633710367236
23,31,0.03800012822023113
23,98,0.03769494268609064
23,155,0.036912954480011306
23,15,0.035867511291274745
23,111,0.035222645560027965
23,135,0.03467807233733067
23,192,0.033519633493687695
23,73,0.03245730453897111
23,185,0.031810847943358644
23,18,0.029468772059520476
23,113,0.029092599839595223
23,8,0.028842137259665224
23,29,0.027462426833073872
23,91,0.027362696457333247
23,9,0.027086675650047187
23,54,0.027086298841746403
24,37,0.32783553063514304
24,28,0.29407496113164044
24,72,0.15437113568288385
24,142,0.13988218401970953
24,157,0.12154650364378972
24,153,0.11856299641852885
24,126,0.09787476027831055
24,18,0.052615253723965916
24,48,0.04909129411460711
24,179,0.042318482940152724
24,146,0.04133340643082173
24,56,0.03319702294687443
25,17,0.7275944483611867
25,109,0.70117139213123
25,123,0.14120166923642863
25,171,0.13718549348175257
25,107,0.11795964637897682
25,172,0.10000392528144608
25,32,0.09729004817890508
25,15,0.09112156941045413
25,160,0.07505777072942077
25,33,0.06374192584328953
25,174,0.06130600904660355
25,131,0.05593779647743102
25,138,0.054814713032372175
25,87,0.04648583465331646
25,140,0.041174532156981414
25,142,0.04003808481951898
25,8,0.038222729687297896
25,177,0.035344788894814294
25,11,0.03358202270517463
25,139,0.027032024468625182
25,169,0.02292570756149126
25,132,0.02154298412481659
25,114,0.021428292659837478
25,29,0.02048185620740184
26,116,0.18217316878113654
26,70,0.16959996034393354
26,141,0.14798955533684977
26,192,0.12655134528453238
26,23,0.11368067979893448
26,167,0.07585022045415213
26,52,0.05815868317697903
26,158,0.050337218847742116
26,31,0.04901157944729251
26,74,0.046256244008778036
26,175,0.04526037990099563
26,15,0.041604920101578236
26,194,0.03896482226797238
26,32,0.03175945482576181
26,128,0.030725502874449306
26,9,0.03002385100534799
26,135,0.028143930052087596
26,125,0.02809580427069802
26,122,0.02724156264344646
26,51,0.023639945847312993
26,154,0.023451995527446146
26,43,0.021365672115799095
27,100,0.5100257605786089
27,101,0.33861110031805197
27,131,0.29741329994107546
27,136,0.2534963866362657
27,186,0.11415959979479606
27,124,0.1052119875985511
27,161,0.07875593811861792
27,180,0.06413362380030896
27,99,0.06218606198406418
27,2,0.04260269962534047
27,77,0.037652094795170066
27,38,0.035674085944045086
28,37,0.4079028027148124
28,24,0.29407496113164044
28,126,0.15309418259851126
28,63,0.12420041584696151
28,20,0.09320764204412946
28,142,0.0760760111646055
28,153,0.07168044249120331
28,69,0.06415774891586346
28,19,0.059967712159828546
28,18,0.057896516279802746
28,67,0.05444928778807867
28,72,0.04941742696071039
28,179,0.046513436855088464
28,147,0.046233375876190586
28,61,0.043483979311496834
28,80,0.03897270653306317
28,48,0.03685395134803304
28,68,0.03645750938580816
28,88,0.03460257829358293
28,117,0.03427476565419618
28,56,0.034100905355706757
28,157,0.03184504391146015
28,127,0.03174497348714622
28,35,0.031457184546924144
28,182,0.030465546706190172
28,60,0.02503066099310547
28,156,0.023470826213770835
28,159,0.023053316806061153
29,45,0.5008636719754919
29,170,0.4979768133874868
29,159,0.33295794793575895
29,114,0.1373029521525293
29,184,0.11968222538592266
29,123,0.1188516473334632
29,135,0.11083133498467024
29,168,0.10972340793548119
29,18,0.10539733706884491
29,157,0.10527849229461139
29,15,0.10027220997315489
29,82,0.09056226655574773
29,132,0.08517493826739908
29,66,0.08384784514634291
29,131,0.07339840486894145
29,158,0.060412139276498134
29,70,0.05533969227688873
29,139,0.053719530352071665
29,145,0.05366675945999777
29,144,0.04945080070156471
29,88,0.04853111032442281
29,160,0.04749880770403592
29,8,0.046552192790646485
29,107,0.04643734523551435
29,106,0.04311967836735042
29,95,0.03995772869623704
30,34,0.14790893508636027
30,163,0.03975888978189124
30,138,0.02955426987311538
30,78,0.023952380407021634
31,79,0.21602352557640392
31,51,0.2047713381765559
31,91,0.08766063459034035
31,143,0.060855427391194095
31,115,0.05921749186619252
31,112,0.05368492401153602
31,192,0.05265172353440817
31,116,0.05003180342581748
31,26,0.04901157944729251
31,167,0.03904090671450233
31,23,0.03800012822023113
31,184,0.03763781171496228
31,156,0.035434875295975665
31,1,0.03477836962372727
31,104,0.03309923239610324
31,90,0.03281024375685615
31,74,0.031844455203512645
31,151,0.030662275647441617
31,113,0.026570106194924725
31,105,0.026027120017257266
31,46,0.025386109560959103
31,171,0.024925078279068202
31,50,0.02457296706510892
31,154,0.02441521138863112
31,52,0.023227686857593022
31,67,0.01925467970336925
31,158,0.01900279127667459
31,88,0.01835124520692788
31,9,0.018100418596727952
32,103,0.49972567452509775
32,15,0.15025425115054925
32,25,0.09729004817890508
32,62,0.09496404013282955
32,109,0.09233885797351049
32,6,0.08694829230034518
32,17,0.08024514274816263
32,38,0.07867632996405727
32,107,0.07451355401394144
32,123,0.05780008783182289
32,175,0.05227169508196661
32,184,0.051251721788363014
32,188,0.040611530506484805
32,9,0.038161879039428026
32,26,0.03175945482576181
32,35,0.02996152409275299
32,135,0.02813611169373731
32,82,0.024835915745778703
33,128,0.14111440383273355
33,113,0.09785244479294997
33,103,0.0944404195744849
33,173,0.08995314915713426
33,193,0.07311758298501791
33,25,0.06374192584328953
33,186,0.06334062707545807
33,84,0.06147634130038282
33,140,0.05799694842117942
33,38,0.05773039911343092
33,155,0.05630624067079082
33,82,0.05424877926091698
33,109,0.04882181911001848
33,192,0.047404345635491785
33,169,0.04734397215855968
33,17,0.04714755588017572
33,175,0.04632924818616124
33,118,0.038836340780653344
33,105,0.03813880475649223
33,5,0.03763009313060417
33,165,0.036594786201823104
33,63,0.035591961748461354
33,49,0.03398950820080615
33,94,0.03394378758143646
33,9,0.0325864902597689
33,131,0.029831010027467686
33,96,0.027664932065737058
33,172,0.026832790575945675
33,176,0.026382667369745705
33,116,0.026245508212886626
33,67,0.026233283602492663
33,145,0.024875934938079047
33,111,0.024668632419726166
33,135,0.024619500075957257
33,104,0.02449803233548309
33,141,0.023985690840281015
33,179,0.02063784239160149
33,126,0.02038374025696066
33,81,0.01962442257073349
33,8,0.0189491954772959
33,88,0.0187224448091452
33,122,0.01866590782032229
33,130,0.018046657091093543
33,198,0.01771515717930583
33,76,0.017594436710093864
33,178,0.016880651053900464
34,138,0.274200458161709
34,78,0.20552929341532156
34,30,0.14790893508636027
34,163,0.1099676574576709
34,58,0.04714693281604487
34,53,0.03501300319641121
34,57,0.027324848683691005
34,121,0.02026199865455769
34,98,0.014084145393650882
34,64,0.0133469457805514
34,7,0.01230752915678246
35,174,0.1153618026003782
35,126,0.10908785237900553
35,67,0.08874784875650554
35,14,0.08719363772626032
35,135,0.07619459636423953
35,147,0.06568578000570291
35,182,0.06456972065513411
35,92,0.061114205628043816
35,47,0.05518316753423724
35,164,0.05353858608537798
35,9,0.05317030986176152
35,71,0.04958466657835858
35,148,0.04942865259143914
35,37,0.047450676580743534
35,13,0.0470387294821204
35,149,0.046674371646324264
35,11,0.046183065549308844
35,18,0.04511406614381508
35,49,0.04111786962231756
35,88,0.037476831735517635
35,43,0.03680369033061115
35,53,0.0367891097553259
35,109,0.03332871315523722
35,107,0.0326632839273866
35,28,0.031457184546924144
35,125,0.03130644756160661
35,48,0.03086427656289137
35,32,0.02996152409275299
35,141,0.029639719159470834
35,82,0.029382232513851303
35,16,0.029021220044547436
35,159,0.026573528211790598
35,68,0.026195942947159656
35,23,0.024465165719434356
35,10,0.02446337679122601
35,176,0.02378615316035959
35,19,0.02373702069743666
35,111,0.02321506208039359
35,152,0.02311837993636945
35,61,0.022412904754077423
35,74,0.022150254102016098
35,113,0.0212628870093714
35,81,0.020797816443409944
35,156,0.020286863469226035
35,161,0.020227516740254914
35,8,0.019762037109725683
35,87,0.019512672257800734
35,189,0.019390347438518307
35,187,0.01884516072521436
35,24,0.018558509825723823
35,144,0.0182438473141443
35,120,0.017578283158354968
35,130,0.017413535582029183
35,179,0.017168433959803275
35,183,0.01713160687061477
35,56,0.017076513628552226
35,139,0.016926284427345117
35,169,0.016747237134766224
35,177,0.01666013628718721
35,171,0.01663793688522608
35,127,0.01630288992120721
35,160,0.01630207485105295
35,73,0.016196558894056134
35,2,0.016139543403730028
35,17,0.016076257590718734
35,29,0.016055496018354765
35,89,0.01599134534474056
35,63,0.015693780330204854
35,54,0.015623104922098285
35,80,0.01546777013433942
35,106,0.01508839728744793
35,188,0.014888398282630222
35,52,0.014836981609364974
35,38,0.014616462481225612
35,150,0.014438885414739255
35,137,0.014327876266605588
35,185,0.013960992914592296
35,33,0.01381752759380006
35,90,0.013493552530438269
35,76,0.013329353198256344
35,175,0.013322240491629889
35,110,0.013244813184170479
35,40,0.012082013323764795
35,55,0.011967550856115339
35,15,0.011709009231013257
35,158,0.0109405665302309
35,193,0.010774567573122895
35,112,0.010142492871288544
35,116,0.010080747380161958
35,178,0.010071801059925
35,101,0.009788733745536127
35,184,0.009755906633754807
35,131,0.009452355136514434
35,44,0.008676736291519327
35,12,0.008508739116048103
35,83,0.008250993191312062
35,69,0.008151953612647866
35,20,0.008046985621322222
35,100,0.007945200617027193
35,155,0.007916177974505945
35,142,0.007731986635081345
35,25,0.00771181330710724
35,50,0.007426499552382948
35,128,0.007305258921131097
35,26,0.0067602476205387285
35,114,0.006295065734814642
35,153,0.006233709291064815
35,119,0.0062122624029692375
35,124,0.0061102320068189275
35,136,0.0059462774874196045
35,151,0.005643144748388007
35,85,0.005624562270668987
35,51,0.005564676158113069
36,108,0.31760190205338756
36,3,0.05361650989799305
36,152,0.040879966888876296
36,195,0.0360415992335843
36,4,0.01693729007020428
36,121,0.01619276764270927
36,98,0.015309878432940294
37,28,0.4079028027148124
37,24,0.32783553063514304
37,126,0.21753153647200918
37,18,0.10525265409125406
37,117,0.10490620360402003
37,35,0.047450676580743534
37,135,0.04651483906309939
37,88,0.036367797772112964
37,174,0.03551746574743031
37,182,0.03255355586858555
37,147,0.028279533841740312
38,12,0.13468425760689473
38,103,0.11294640806213496
38,112,0.09755423552078102
38,32,0.07867632996405727
38,162,0.07361540762481145
38,172,0.07202471977726277
38,176,0.06091748552097864
38,74,0.05944593005279997
38,33,0.05773039911343092
38,169,0.05660814503855405
38,187,0.05506564192951602
38,9,0.05151649993134011
38,174,0.04655769148469957
38,156,0.04596675909285397
38,10,0.04585485785453569
38,72,0.041822790569314594
38,19,0.04012845153688949
38,82,0.03743664956166648
38,173,0.03698879399901078
38,49,0.03629694087916191
38,27,0.035674085944045086
38,5,0.03546453260985949
38,180,0.03312934512141508
38,107,0.033076121237992084
38,69,0.029899473016266054
38,115,0.029096759581836995
38,104,0.028907750778446872
38,177,0.02868847555290399
38,139,0.027964064106777542
38,96,0.027798037243623397
38,113,0.027670397190291518
38,126,0.02628429753263062
38,61,0.0260786944636463
38,87,0.025555129167714408
38,73,0.025474398728457803
38,137,0.023204428020842105
38,29,0.02221014984933689
38,11,0.021815271681736248
38,91,0.021429808556376995
38,63,0.021061552009967288
38,185,0.02092075376458946
38,41,0.020813123549286106
39,52,0.12045808375863887
39,13,0.11130667057483468
39,90,0.09188786588652498
39,1,0.07778209662312563
39,151,0.07327231779234455
39,164,0.06409390128323167
39,91,0.056753054332589814
39,194,0.056631446828064425
39,136,0.05430783856008303
39,166,0.049939128135658706
39,55,0.04156513630966252
39,140,0.032368078832554326
39,50,0.03156488760243881
39,192,0.030041353069364063
39,64,0.02859303267490443
39,41,0.02479117804701736
39,156,0.024269707976376398
39,153,0.022899947413607458
39,196,0.02228827049448734
39,197,0.02214876289636014
39,167,0.01995010138054054
39,56,0.017360570163784894
39,171,0.017036169269365353
39,115,0.016000045535284668
39,92,0.015967748778971558
39,99,0.014589116844114458
39,44,0.014544839320690617
39,146,0.014290766116235809
39,7,0.01399476394669219
39,11,0.01248821868646488
39,31,0.012282149481582239
39,161,0.011627881498571857
39,100,0.011531730784995142
39,183,0.01057597812619171
39,79,0.01042513689887703
39,60,0.009460535261540226
39,28,0.008859406868377384
39,181,0.00754530614238047
39,188,0.007395590734059376
39,105,0.007364031907538537
40,181,0.18290501109241342
40,186,0.13330985809326223
40,8,0.1122016952853564
40,101,0.05974399265321406
40,23,0.0488878964556515
40,164,0.04606424731713099
40,99,0.041803736888809784
40,161,0.03617187887220252
40,115,0.03562234864932412
40,148,0.033159983980450614
40,152,0.02718770053898123
40,104,0.026660810773155963
40,100,0.024195729112103104
40,122,0.021181441831509162
40,77,0.016138137233587035
40,112,0.014738218835145922
41,5,0.20676650759764614
41,136,0.18973486833294095
41,188,0.1215223433701661
41,1,0.08819468780778361
41,173,0.08590121669789308
41,53,0.07788267071607291
41,55,0.07456556954914428
41,50,0.07339240252337076
41,23,0.07229665367239757
41,52,0.06897176259681848
41,91,0.06825493672228711
41,192,0.06200393666813342
41,90,0.05529315043087302
41,151,0.05209148876865244
41,183,0.04343757579771301
41,58,0.04207332715929801
41,167,0.04002123915858102
41,57,0.038657768973729745
41,74,0.03779400271695099
41,64,0.03552340472310156
41,113,0.03444159496210164
41,104,0.03419249792803081
41,112,0.03381253264371242
41,115,0.032858251126365645
41,156,0.03248194875181987
41,51,0.032167286467084555
41,194,0.028429260473923135
41,175,0.025430933484620888
41,39,0.02479117804701736
41,164,0.024504564692457986
41,7,0.023512605033545464
41,49,0.023304849270015304
41,92,0.021878916406177784
41,13,0.021708433570620245
41,155,0.021265610185373762
41,38,0.020813123549286106
41,73,0.019544404838612417
41,14,0.018866700827151806
41,148,0.018200555502090654
41,63,0.017890866736219535
41,171,0.017545271362011006
41,166,0.01749274250570443
41,111,0.015741351678613347
41,116,0.014510284226099013
42,8,0.020187562235558953
42,197,0.019339722523285974
42,196,0.007771498127963072
42,57,0.006169765349896106
42,156,0.004414114625194698
42,44,0.0040940839423126985
42,148,0.003775670440741119
43,189,0.16946539402123284
43,10,0.1124513209296375
43,11,0.0984348944110025
43,13,0.06375960631676136
43,49,0.059740777253141863
43,85,0.04808829243634616
43,61,0.04718939014989454
43,185,0.04464808450658897
43,35,0.03680369033061115
43,86,0.031140222235949144
43,8,0.02955322949400896
43,18,0.029496866093757346
43,95,0.028020708831134833
43,151,0.026374901895908853
43,89,0.025079276664325967
43,15,0.02191014044299866
43,26,0.021365672115799095
43,181,0.019915742994830232
43,147,0.019359534609923124
43,179,0.019153652092179452
43,51,0.018241615514128173
43,149,0.01737167359194247
43,140,0.01735246790673528
43,50,0.01617520258117844
43,126,0.015957104289674118
43,184,0.015745080968684766
43,167,0.014980050437350512
43,174,0.014899901896190948
43,150,0.01435933030857961
43,171,0.014169909073536324
43,67,0.014014130907325617
43,129,0.013802067701122245
43,9,0.013561162769196278
43,74,0.013479107454408279
43,192,0.0131863618690935
43,19,0.011722465323523501
43,2,0.011600060652744104
43,90,0.011465995842589671
43,14,0.010914298542041734
43,32,0.010875216073031324
43,111,0.010840760237973202
43,28,0.010787977173307373
43,23,0.010706919844830742
43,79,0.010329533076947284
44,55,0.563515240288101
44,183,0.39420837025198563
44,173,0.3727431117653719
44,194,0.1958283921757169
44,50,0.13577449171132216
44,23,0.0708438788830612
44,91,0.06904913032421867
44,164,0.06386777836436142
44,148,0.035245450346883755
44,145,0.03498504196954233
44,139,0.034374657550750864
45,29,0.5008636719754919
45,159,0.44173638457312525
45,170,0.4209590304470272
45,15,0.17747678650211784
45,132,0.1268153127809708
45,144,0.07465599456291949
45,157,0.07305716354134273
45,162,0.06974701888301393
45,123,0.055776704341172434
45,145,0.04889447522501711
45,114,0.047155347858509056
45,66,0.044225027709850595
45,131,0.04328947913816439
45,139,0.03580047898661176
45,168,0.035049680960422824
45,77,0.03379627117166761
45,160,0.03176123768975758
45,184,0.03138431765667893
46,111,0.08433981489432174
46,7,0.07169703121313842
46,162,0.061241529607270695
46,150,0.03898066261876221
46,148,0.03721240923040092
46,181,0.036704869244624794
46,173,0.03633018975714142
46,2,0.036138784835532345
46,198,0.03488838625660662
46,116,0.0344628916450439
46,164,0.03307107073638216
46,31,0.025386109560959103
46,73,0.02241838982145028
46,6,0.021198942035217994
46,105,0.01853616069396713
46,26,0.017523319802412063
46,9,0.016285120017748178
46,82,0.015030501563889076
46,22,0.014334844645758293
46,11,0.013966233195386812
46,126,0.013740400384125717
46,33,0.013425187606201594
46,151,0.013224707102881372
46,17,0.011379270004466702
46,125,0.011313764329192066
46,41,0.011091293075790598
46,3,0.010767089062227897
46,193,0.010141842410381852
46,1,0.008698687775497649
46,186,0.008257593974376531
46,144,0.007971713823336724
47,174,0.08101603214534236
47,177,0.07852136945698307
47,8,0.0655639315625991
47,35,0.05518316753423724
47,1,0.049277307879166066
47,52,0.045681480274139874
47,87,0.04252911204840781
47,169,0.03926223695702846
47,175,0.027827891263749627
47,85,0.02602201664235071
47,92,0.021170579212819174
47,161,0.020345726668576036
47,107,0.01994256393492888
47,86,0.01972277874544559
47,135,0.019325633081432758
47,111,0.018158898470243656
47,158,0.016523831887141904
47,18,0.01617484153308335
47,74,0.016014250550355436
47,5,0.015869623901752172
47,151,0.014086476737743214
47,83,0.01391124610998773
47,38,0.013016816504397566
47,25,0.012916766320611894
47,149,0.011725568742654291
47,50,0.011307535586847828
47,164,0.011133417801617917
47,55,0.011008319342555195
47,95,0.010834875850105674
48,109,0.15186130184233793
48,160,0.05387955828524005
48,24,0.04909129411460711
48,59,0.04427333510580089
48,126,0.04209096914940291
48,14,0.038782214472146026
48,28,0.03685395134803304
48,96,0.03390634722513086
48,139,0.03337886132923096
48,184,0.03214150779730174
48,88,0.031010653299581525
48,35,0.03086427656289137
48,135,0.03039468368357079
48,110,0.028268959607893107
48,157,0.028056473506841928
48,131,0.027512885222278793
48,18,0.02700426606107975
48,155,0.025806881755890188
48,121,0.025741257662382444
48,12,0.024255385331226287
48,166,0.02284019569589113
48,164,0.0224695957352955
48,91,0.02082090477756693
48,72,0.019451626701658897
48,21,0.018362909444763154
48,161,0.01830650818242674
48,55,0.01783816809654326
48,38,0.017502998292435068
48,122,0.01703385263188295
48,49,0.016829605236637013
48,10,0.01679858406305723
48,150,0.016528793397730723
48,183,0.01641779136086885
48,118,0.016381536530201024
48,52,0.01541179102574064
48,142,0.014837013797575627
48,68,0.014188375602007364
48,151,0.014136592841284656
48,171,0.013051020061193075
48,128,0.012773258388291353
48,132,0.012724236534644051
48,140,0.012583480411657688
48,19,0.01167696020686837
49,185,0.1685094641546404
49,144,0.15688635785283855
49,61,0.1505571578937629
49,189,0.1496716216241054
49,193,0.11806488260367809
49,82,0.09938351075284402
49,6,0.09582003720487298
49,105,0.0755219631978421
49,68,0.0727544963278891
49,7,0.062060863675195255
49,43,0.059740777253141863
49,3,0.05909282172354269
49,11,0.05312356336450719
49,106,0.050613766752569345
49,67,0.049834969408569796
