Source,Target,Weight
0,105,0.07540681140181205
0,127,0.06846807192331239
0,110,0.06171662039328829
0,68,0.05064077938696543
0,181,0.019485372462469397
1,167,0.17212768982032323
1,151,0.1530125216119208
1,192,0.14948064639000358
1,50,0.13540670382698028
1,136,0.12146201201729812
1,90,0.10474961492754598
1,52,0.10454830389766512
1,174,0.09726713609229964
1,194,0.09511839691462909
1,13,0.09054484190386414
1,188,0.09031287771776708
1,41,0.08943231220225445
1,91,0.08152596041665583
1,39,0.07751728996741647
1,175,0.06814178547490335
1,164,0.0669877483938206
1,177,0.06306470114705953
1,55,0.05683394964866828
1,92,0.054306019890776214
1,47,0.04888877381173329
1,49,0.04866991250350439
1,57,0.04764089705209218
1,64,0.04759258857945414
1,7,0.04725170531270184
1,144,0.03931068074665145
1,111,0.037027763887927057
1,53,0.03608990837090442
1,59,0.035809890974799474
1,31,0.034884587785325105
1,15,0.0348839518629831
1,74,0.03410648420705986
1,5,0.03399831790329999
1,112,0.03369569955769802
1,156,0.03162442893813444
1,176,0.03121189956738002
1,171,0.03096303143017287
1,169,0.030692551657304112
1,87,0.02826506293220088
1,166,0.02590381787544571
1,184,0.02317749163670202
1,120,0.02183572308235049
1,115,0.02125226818042003
1,183,0.017172702963007658
1,17,0.013982637406991016
1,9,0.01352648667057288
2,69,0.1882349547389255
2,82,0.09366959612710901
2,134,0.09317757185885922
2,185,0.07558917889914996
2,105,0.07202298244360295
2,169,0.0718261272332984
2,84,0.06147810246837759
2,171,0.060917522853606076
2,181,0.05998701404483153
2,106,0.059583441009086635
2,118,0.05948747789612985
2,139,0.05905346620472318
2,175,0.05448143633924041
2,111,0.053065200942931434
2,81,0.04875895620007453
2,70,0.04687745673444099
2,116,0.04607339961916368
2,193,0.04554345847588015
2,27,0.043082472687215434
2,14,0.04225299952117323
2,46,0.0416217193254933
2,121,0.035384925784632815
2,22,0.034273450667992145
2,178,0.030344967351164764
2,159,0.029388466424327797
2,90,0.02867678465518042
2,21,0.028332039956995736
2,88,0.02693215050168607
2,49,0.026502684657793152
2,141,0.02626159413775886
2,93,0.025547929792966717
2,195,0.024661877254290143
2,100,0.024269976574273877
2,136,0.02324855662883496
2,94,0.023244374362599518
2,143,0.022981368878100095
2,52,0.022440007552834262
2,59,0.022140402805565618
2,122,0.02126363404839826
2,35,0.021018023794839746
2,164,0.02026403568944768
2,131,0.019299081063667622
2,155,0.019274221856350526
2,101,0.01837147916314752
2,98,0.01816480681531063
2,115,0.017696432251113614
2,74,0.01767600752721643
2,10,0.017075249111592194
2,63,0.017070861021498462
2,51,0.01694756096324368
2,13,0.015731942590155645
2,108,0.01510275375461756
2,89,0.015035870002776841
2,7,0.014870707926579962
2,179,0.014779432193658959
2,190,0.014426018948083263
2,19,0.014418758608068183
2,132,0.014357374118755373
2,23,0.013903931776244716
2,77,0.013790748479002746
2,68,0.013118055971977793
2,144,0.013117854961808173
2,29,0.012770566940595529
2,3,0.012434646300123586
2,174,0.011879397452273177
2,43,0.011752209573022365
2,33,0.011730150965947983
2,4,0.011448063427635824
2,1,0.011397716546796777
2,160,0.011379396240907225
2,113,0.011305988694834235
2,147,0.010985832846418297
2,137,0.01096620857578956
2,148,0.01080204637388682
2,104,0.010515580879071562
2,119,0.010392431258494095
2,129,0.010378955950948177
2,158,0.010322771709979639
2,184,0.01020055174783907
3,108,0.31464200128835573
3,4,0.2521224979547738
3,195,0.25040667208262435
3,121,0.14370808480507735
3,98,0.1346268120658518
3,155,0.12866518328446297
3,163,0.08937139292332197
3,191,0.07567393223527075
3,49,0.0598611055448488
3,132,0.058658030304526765
3,36,0.05332157247595848
3,144,0.05287776125215271
3,140,0.042732585930637446
3,185,0.04229883889276331
3,141,0.03898259346196309
3,6,0.0371026903925048
3,68,0.030157972632805063
3,133,0.027834323691203755
3,61,0.0217029712433513
3,176,0.020017033666948514
3,111,0.019667093106137568
4,3,0.2521224979547738
4,108,0.11975537848065665
4,121,0.07340225437751868
4,163,0.05095869884787696
4,36,0.016973691278150405
4,98,0.0154838802622147
4,191,0.015194754722908987
5,41,0.20932477787017378
5,12,0.1501755728564761
5,194,0.0618812253027754
5,173,0.05523264657763338
5,7,0.04330191891268398
5,52,0.03843227708547048
5,33,0.03758595176951385
5,38,0.035292061603710345
5,1,0.03399831790329999
5,108,0.027535544678242818
5,192,0.02692917126466654
5,91,0.02675738119610127
5,53,0.024825846555030173
5,136,0.023533862222942736
5,69,0.023373240284522923
5,74,0.021073604653987554
5,55,0.020849297174967196
5,125,0.018595980826405234
5,148,0.018389977435406824
5,175,0.017912052572111925
5,183,0.01742632864492155
5,51,0.01713832921569025
5,145,0.017084982133570237
5,135,0.0169721720526389
5,47,0.016146755206292163
5,26,0.01548497214227662
5,57,0.01446629233359975
6,62,0.6451387402389807
6,49,0.09624426318766455
6,32,0.08718380885038424
6,144,0.07701017823717027
6,185,0.06999644228366808
6,115,0.04922414517996365
7,57,0.12904654895416745
7,68,0.11782991644918173
7,112,0.10917251283996077
7,58,0.10871721690408098
7,53,0.08812685358171413
7,136,0.0874518610595666
7,193,0.08122422513950944
7,46,0.07163188400322107
7,115,0.0684261558179099
7,82,0.0637213207492533
7,49,0.06311067496314338
7,156,0.052249987846817
7,1,0.04725170531270184
7,96,0.04639576427860803
7,106,0.04395886659787407
7,5,0.04330191891268398
7,64,0.04215926313805496
7,139,0.03816349438124722
7,185,0.03571294440005213
7,125,0.03476240887037885
7,91,0.03463203329460207
7,92,0.033007050977494345
7,50,0.03236614483096545
7,105,0.03127478882207724
7,85,0.027839604893615255
7,55,0.027650940151389136
7,148,0.02633386800889137
7,144,0.02556452591039393
7,52,0.025511826599948217
7,41,0.02371042716660343
7,160,0.02081894172986254
7,194,0.01983409809990211
7,132,0.01937687051876935
7,151,0.019115989515638865
7,159,0.01838770533418288
7,167,0.01831634141382077
7,146,0.017337769303054973
7,6,0.017090243997057275
7,183,0.016994003695721904
8,10,0.2547040271555391
8,145,0.19103813258712288
8,77,0.13858843440569046
8,139,0.13608531909555954
8,106,0.13535841089961742
8,165,0.1340005953151151
8,148,0.12252259856106429
8,162,0.11894141304408923
8,160,0.11380749824596392
8,40,0.11215595282309998
8,65,0.1045972989374152
8,107,0.10264807777499929
8,13,0.09278845027816951
8,82,0.09022119794714945
8,81,0.0868096529146396
8,171,0.08297333397736395
8,109,0.08115882580432798
8,102,0.07009899671271191
8,47,0.06501339440651022
8,159,0.06285526582846845
8,95,0.058953897503434605
8,59,0.055203150895713815
8,17,0.053670576677156245
8,170,0.047427364743213074
8,29,0.04611049550615531
8,168,0.04407193345036553
8,84,0.04226809871319703
8,76,0.04054456942721463
8,25,0.03772091180635817
8,96,0.037162502459977764
8,132,0.036588083981924924
8,112,0.03369984521049052
8,176,0.03193409439553452
8,181,0.031870265061632264
8,150,0.030159515302697226
8,43,0.029913532492732542
8,23,0.02961417280451062
8,88,0.02939377132790355
8,169,0.027266616126898846
8,134,0.024242611155782412
8,185,0.024208461278775406
8,45,0.024007383140275285
8,114,0.023206378451744558
8,135,0.023027246392550715
8,113,0.02257240376635583
8,35,0.02254915556939252
8,87,0.022465685236201516
8,164,0.0221587604879665
8,193,0.021737037280300298
8,74,0.021161908993600376
8,94,0.021161053851321276
8,99,0.02072174603313215
8,42,0.020345920476164125
8,51,0.020071754391810748
8,183,0.019917293563300187
8,18,0.01961537447603634
8,140,0.019374667404298163
8,79,0.019347781572230827
8,172,0.01904929928690413
8,131,0.018926211035711127
8,143,0.018619179867624736
8,15,0.01825904165554193
8,158,0.01722647876252903
9,88,0.14425381885229138
9,142,0.10588478553937519
9,19,0.0887411991356657
9,113,0.08184177825667205
9,143,0.07188919224792689
9,132,0.06113225264854805
9,118,0.06023165411481646
9,35,0.05622615122718988
9,38,0.05267762194755199
9,169,0.04514617982164859
9,190,0.04289525747377787
9,156,0.04216230090763384
9,17,0.041076291731936276
9,61,0.04054211067938873
9,18,0.0400405433649601
9,74,0.038983077943395394
9,117,0.038891154105204606
9,32,0.03814485417178781
9,15,0.03778736744486877
9,11,0.036803310629737296
9,127,0.03674777947393504
9,146,0.03606379530438386
9,122,0.03601627130557028
9,105,0.03283698042492367
9,33,0.03278161880453767
9,21,0.031780365516530074
9,67,0.03168611109587849
9,6,0.03139835531413682
9,26,0.030311337226945234
9,103,0.03009990090591541
9,23,0.027565651177962835
9,159,0.02730400510169806
9,73,0.024749152221403725
9,106,0.024494368962431845
9,63,0.024382269039166293
9,116,0.02422343623539347
9,99,0.023693891310230808
9,198,0.022629838957983206
9,178,0.022474011504502456
9,96,0.022412300487467562
9,80,0.021536698024181566
9,50,0.021289918478727632
9,101,0.02103277661399683
9,135,0.01975062039237463
9,100,0.019502244541220293
9,119,0.018815227485669772
9,195,0.018790808052937757
9,71,0.018628513106053846
9,149,0.017272158954632744
9,161,0.01718457379776739
9,31,0.016994175276797585
9,115,0.016630225015232147
9,155,0.016587345633963135
9,46,0.016361660364383468
9,185,0.016172427784578725
9,171,0.01615761822446582
9,14,0.015367238539449546
10,8,0.2547040271555391
10,189,0.11189770278155164
10,43,0.10881666698897374
10,83,0.09270235651140535
10,38,0.04649509731428325
10,61,0.03818645190554559
10,11,0.03784129344780163
10,185,0.02693097578114223
10,27,0.02608981439869562
10,35,0.025812610665439273
10,171,0.0241571610508442
10,49,0.02367100956367929
10,137,0.02264828395009877
10,63,0.019828168876740437
10,130,0.01941951160289046
10,2,0.017075249111592194
10,174,0.015980741420335898
10,119,0.015914627518500146
11,43,0.09995782915986828
11,19,0.07047685354388333
11,49,0.0537476598262594
11,58,0.052859635265093186
11,89,0.049550688722681424
11,35,0.048865775403670986
11,17,0.04540757141465279
11,56,0.0435613943622003
11,63,0.041003891230663836
11,185,0.038811262253847456
11,10,0.03784129344780163
11,9,0.036803310629737296
11,25,0.03342959626645514
11,141,0.03281106909973808
11,60,0.030669741469294576
11,109,0.030498175561701202
11,51,0.030111287932452546
11,139,0.02873540891111137
11,74,0.028686295001633222
11,18,0.02738118659195532
11,68,0.026900360467343898
11,85,0.024854777404283324
11,140,0.024598954213480573
11,71,0.023852389530290785
11,38,0.02338775159318307
11,153,0.02269383999546093
11,145,0.022621230539659254
11,149,0.022286291652587664
11,61,0.020927603492111424
11,80,0.02012899793210221
11,20,0.019105600633777642
11,82,0.018873492206658127
11,81,0.018853391564946254
11,86,0.01848732486008564
11,88,0.018484055304869518
11,150,0.017520681892969403
11,187,0.01742006088000181
11,105,0.017088191648501505
11,132,0.016862012963366757
11,179,0.016644920053081935
11,169,0.016212344344106677
11,144,0.01600061053105728
11,176,0.01598770284994777
11,77,0.015746013916376422
11,21,0.01545193679199941
11,116,0.015359906315982608
11,160,0.01526554171804373
11,164,0.015001932653888828
11,8,0.014751894330208848
11,189,0.014378084432069338
11,126,0.014113009851843383
11,46,0.013952316399022502
11,67,0.013707903142865518
11,184,0.013526077466745057
11,7,0.013220173172236116
11,39,0.013199356203730472
11,72,0.01312597763170964
11,16,0.012772400775686754
11,15,0.012687422940151682
11,54,0.012661572493237072
11,90,0.0126604839116492
11,28,0.012252389564967325
11,129,0.012089792342860006
11,146,0.011766808252640315
11,127,0.01172530964495877
11,65,0.011702795174341696
11,180,0.010928526083629042
11,33,0.01088674033645498
11,113,0.010610130799698747
11,104,0.010603965938920545
11,13,0.010484922615018877
11,162,0.010357054332345239
11,159,0.009786237614334725
12,5,0.1501755728564761
12,38,0.13434569137512375
12,150,0.07405127456659377
12,70,0.03543674454378576
12,133,0.029240751280001587
12,69,0.02790232646930435
12,48,0.02482162054562098
12,144,0.02135595383890143
12,63,0.01824983689592008
12,192,0.01774519822990983
12,49,0.017253851450157898
12,14,0.015439118830247733
12,105,0.015279103985534781
12,198,0.014509892446671002
12,59,0.013640207273137417
12,84,0.013200436062682841
12,118,0.012674259570456203
12,129,0.012443841439016001
12,185,0.012022989045887278
12,127,0.011728631768007203
12,111,0.010933519165351457
12,158,0.010812893245796484
12,171,0.010368102020394065
13,120,0.2711006870263546
13,110,0.11721673757203954
13,39,0.11391183963112672
13,90,0.10797933103070834
13,8,0.09278845027816951
13,1,0.09054484190386414
13,92,0.0759432199351836
13,15,0.07241607779821235
13,151,0.06909411168139978
13,43,0.06565551216653764
13,57,0.06402377569414397
13,127,0.06062989857872647
13,169,0.0601325754689952
13,166,0.05353566148266853
13,35,0.04983086041825868
13,52,0.047206403146484166
13,194,0.04684332574009831
13,164,0.0428343253201483
13,130,0.04000234821389925
13,51,0.03765156676366921
13,184,0.035972541798577895
13,50,0.03398817848569746
13,63,0.03058351909451329
13,177,0.025513069703658853
13,113,0.024872161488418754
13,54,0.022922675958318872
13,41,0.022502551548520544
13,193,0.022461808509085635
13,91,0.022097035290575384
14,35,0.09035699126191377
14,59,0.07553470230830528
14,125,0.04457951562468887
14,2,0.04225299952117323
14,23,0.04057697750283473
14,48,0.03939229391920629
14,122,0.03892660621420807
14,21,0.0387148748918793
14,52,0.037528753767466894
14,126,0.0369670649109195
14,160,0.03668002073833143
14,67,0.03610275619387926
14,159,0.03285128700085316
14,140,0.026604027453331014
14,73,0.026579415965760522
14,131,0.02557983686745091
14,144,0.024473218879573655
14,164,0.022794143335152506
14,147,0.022739280171113818
14,174,0.022407396090368792
14,191,0.021662317209151905
14,104,0.020243791116255072
14,90,0.019743444427107182
14,41,0.018964027811917417
14,130,0.0189147029706076
14,135,0.017975084059469904
14,186,0.01769746848378273
14,71,0.016701953675768877
14,54,0.01631110278114689
14,12,0.015439118830247733
14,9,0.015367238539449546
14,74,0.01401547839850481
14,192,0.012745646201499095
14,27,0.01265023656561326
14,189,0.012415015071386648
14,64,0.012263391952601399
14,112,0.012237317952233706
14,127,0.01188084240798859
14,10,0.011654786656495997
14,43,0.01119486918319701
14,198,0.01070303312229115
14,105,0.010444532420227026
14,68,0.010124485053539467
14,176,0.010066341512036558
14,58,0.010007184129009694
14,134,0.009870323948789839
14,84,0.009494104898353006
15,45,0.17790853722026823
15,32,0.15076585097850237
15,106,0.11037007330631776
15,159,0.10869263682544572
15,29,0.10150831229501434
15,151,0.094194949970418
15,25,0.09124655092674727
15,17,0.08739311677045658
15,109,0.08160440266218505
15,170,0.08083706892334619
15,120,0.07616755588328639
15,13,0.07241607779821235
15,88,0.0713544282018056
15,103,0.06392817480339807
15,184,0.059108147419699275
15,189,0.05385545571950068
15,155,0.04669663905327015
15,136,0.045633204375384206
15,26,0.041852767723291384
15,135,0.04045572466424263
15,142,0.04036217474058079
15,9,0.03778736744486877
15,23,0.03679959516183928
15,90,0.036784848738788956
15,1,0.0348839518629831
15,132,0.03066593292482811
15,104,0.030034528579968023
15,122,0.029709764114784765
15,138,0.02848704149772807
15,67,0.02624175237121329
15,167,0.02620984247953151
15,192,0.02528794496204656
15,150,0.024631639605186106
15,131,0.024254617196069916
15,52,0.023953129266175655
15,130,0.023686713897810185
15,149,0.02305171749481616
15,123,0.022699932937788714
15,185,0.022301477364125355
15,43,0.02220967716391209
15,87,0.02203013942473231
15,116,0.021668582185945695
15,175,0.021405196371188873
16,158,0.13610685233609088
16,140,0.058668699264521784
16,105,0.05825230148796545
16,154,0.05633649119354833
16,152,0.039955826761127855
16,76,0.029842724681405475
16,35,0.029841678822721596
16,127,0.027721575642863372
16,171,0.024937214117242035
16,115,0.024603714964278045
16,187,0.024228604950535804
16,183,0.02330250915646137
16,118,0.022986274532585727
16,20,0.02153684990159821
16,119,0.01897875293280349
16,101,0.01713675519946889
16,156,0.015748077629052393
16,84,0.015312304991651038
16,7,0.014605776150893868
16,122,0.014462229218562883
16,120,0.013506793036272224
16,198,0.013500235451429088
16,81,0.013471950621285922
16,64,0.0134575621799351
16,79,0.01297134570247005
16,11,0.012772400775686754
16,160,0.011777892881355001
16,52,0.011388596616503044
17,25,0.7283511064437139
17,109,0.5602747064953522
17,73,0.34084851100115754
17,171,0.14631342775464362
17,123,0.10504900210205392
17,15,0.08739311677045658
17,32,0.08074639846555565
17,172,0.08069761516404972
17,131,0.06938445540559757
17,167,0.06916583307562296
17,160,0.055886235934005435
17,140,0.05428992859955073
17,8,0.053670576677156245
17,174,0.04766607196563921
17,33,0.04625403985517407
17,11,0.04540757141465279
17,138,0.04305565243565235
17,116,0.042816132460439915
17,9,0.041076291731936276
17,107,0.03873624626374372
17,114,0.03754585584501058
18,135,0.2695521742686202
18,19,0.1967290198887942
18,88,0.16286624674333594
18,89,0.10869956517583013
18,29,0.1068553062380091
18,37,0.10594442061742781
18,117,0.08119903939363682
18,106,0.07970386397816842
18,159,0.06879491933499793
18,85,0.06659461008942902
18,107,0.06652046359215391
18,56,0.06649311590729723
18,174,0.06623149781469584
18,132,0.06472266021203998
18,63,0.062180787620867206
18,60,0.061875519011843294
18,28,0.05815528407640158
18,80,0.05798897577831463
18,146,0.053550434101356514
18,24,0.05172702039531951
18,158,0.04808339774734516
18,35,0.04679127740631195
18,87,0.04144696145119209
18,20,0.041181752865629306
18,9,0.0400405433649601
18,86,0.03838233711154193
18,185,0.03540972838407341
18,67,0.03529625683996329
18,61,0.03493668645355563
18,157,0.033114558105318714
18,127,0.030937843481761096
18,23,0.030623644822276086
18,151,0.030437786181683024
18,66,0.029852660213968818
18,43,0.029796051486155495
18,97,0.02943353359968115
18,123,0.029166963868389684
18,48,0.027897607968296767
18,11,0.02738118659195532
18,129,0.02730772626003586
18,147,0.025310544325929052
18,137,0.02526063972277237
18,96,0.024156267704138257
18,52,0.024120476530141377
18,71,0.02357109993278117
18,140,0.023560121987027505
18,122,0.022039189946927995
18,126,0.021834232529578834
18,179,0.021220699113302932
18,69,0.021096865050052593
18,54,0.020459232670482774
18,168,0.019807686614840003
18,8,0.01961537447603634
18,149,0.01954201572543035
19,18,0.1967290198887942
19,187,0.17711442010469147
19,63,0.16152708341387423
19,60,0.12949492749666403
19,80,0.11833758483721213
19,61,0.1133966780648955
19,70,0.1057154262010278
19,54,0.102907668906706
19,88,0.09420620326587004
19,9,0.0887411991356657
19,68,0.08827541064971411
19,69,0.08390768128066994
19,56,0.08141920197272301
19,179,0.07590070324956855
19,11,0.07047685354388333
19,129,0.06760305353876062
19,127,0.06587994661485219
19,67,0.06563433176345268
19,153,0.05967208439895566
19,28,0.059202898247035396
19,156,0.04872362416591958
19,143,0.04834297947592503
19,74,0.04410809816615957
19,72,0.043262020237595844
19,38,0.04169413943990874
19,49,0.039872312506969876
19,142,0.03502275956402423
19,149,0.03381241421221459
19,20,0.031306219486047615
19,135,0.031206853831675985
19,147,0.02932939194811557
19,83,0.026253843163544843
19,71,0.025238274509935654
19,144,0.024360020528983006
19,35,0.023846699649219927
19,24,0.02364077089621197
19,105,0.0231862661289427
19,126,0.02253819736494833
19,158,0.022013957039942467
19,151,0.020325820093577196
19,51,0.019956732956356582
19,169,0.019063526866713865
19,150,0.01820369194897553
20,28,0.0937008785509692
20,88,0.06754915644061565
20,56,0.05477008498606095
20,60,0.050088886101960606
20,18,0.041181752865629306
20,117,0.03848868378268122
20,63,0.036823415201477805
20,71,0.03549129640820681
20,135,0.032253282081747714
20,19,0.031306219486047615
20,37,0.02308617184897943
20,127,0.022724168347949103
20,16,0.02153684990159821
20,193,0.021130285533578763
20,85,0.01930882629779329
20,75,0.019237885433653346
20,11,0.019105600633777642
20,153,0.01849028553220533
20,61,0.01818195447979909
20,144,0.017833985184148693
20,166,0.016941521607948817
20,134,0.016033750008462966
20,86,0.01581531976563111
20,68,0.013930898808585779
20,67,0.013573319290534291
20,186,0.01320452759327606
20,176,0.013123434044774007
20,70,0.012754615234550348
20,80,0.012649684418300722
20,179,0.01238093713489552
20,13,0.011706013732350806
20,83,0.010274488375394575
20,49,0.009748235904844194
20,35,0.009682814505682091
20,5,0.009429555815044233
20,156,0.008843189682944619
20,185,0.008819293758849045
20,54,0.008502534060875866
20,90,0.008312387597968374
20,177,0.008000565288702632
21,122,0.3424907859257109
21,159,0.21663130150304766
21,23,0.16988475030103523
21,181,0.08183535400181696
21,194,0.07119757215742561
21,153,0.07032774269209308
21,92,0.056782684210361145
21,131,0.042937194583196336
21,155,0.041165763461388005
21,14,0.0387148748918793
21,136,0.03663493366037618
21,9,0.031780365516530074
21,64,0.029805806699329307
21,2,0.028332039956995736
21,185,0.027909160111865172
21,198,0.02755348287043613
21,130,0.023708427796599096
21,165,0.023066855913578044
21,160,0.022937499047145482
21,116,0.022628710745409286
22,76,0.25718471090916173
22,169,0.06021887817440008
22,186,0.05943848321061751
22,193,0.04672861203064449
22,101,0.04094335809970895
22,82,0.03879633013544037
22,154,0.03712513576501453
22,2,0.034273450667992145
22,122,0.030874866489414954
22,185,0.021957952813512538
23,122,0.28238278407891726
23,159,0.2234134380763757
23,172,0.17002504656653727
23,21,0.16988475030103523
23,116,0.11830049949811838
23,26,0.11597473655812451
23,181,0.08924766090661385
23,41,0.07419949707827933
23,44,0.0724364492445776
23,74,0.05224928004499585
23,40,0.050237808132051365
23,131,0.04821017447432485
23,112,0.047705543734931855
23,130,0.042620491382671544
23,132,0.042342857226720265
23,14,0.04057697750283473
23,98,0.039195831374405854
23,31,0.038689948709267896
23,184,0.03729917712298847
23,15,0.03679959516183928
23,111,0.03657009826569724
23,155,0.03634470560672187
23,135,0.03573207127987288
23,73,0.03352861815307584
23,18,0.030623644822276086
23,185,0.030180621376216465
23,113,0.029817908694033335
23,8,0.02961417280451062
23,192,0.02913294439450842
23,91,0.028726926071785397
23,29,0.02857106103065654
23,9,0.027565651177962835
23,35,0.026744247357052275
23,54,0.026559277314036067
23,134,0.025819925039902047
23,95,0.025339253534587214
23,165,0.02468653429139056
23,151,0.024096583540123562
24,37,0.3309883748140716
24,28,0.29602343502383777
24,72,0.14978334209862543
24,142,0.1400295156202931
24,157,0.12277489385099383
24,153,0.11788762364096772
24,126,0.09690458032978166
24,18,0.05172702039531951
24,48,0.04853197542340204
24,179,0.042681952969178094
24,146,0.04141049555012466
24,56,0.032656875583026546
25,17,0.7283511064437139
25,109,0.7029274702657108
25,123,0.1413195360306866
25,171,0.1398690053992966
25,107,0.11794741537631792
25,172,0.10321033062557594
25,32,0.0975055036168524
25,15,0.09124655092674727
25,160,0.07877184151233718
25,33,0.06417224515209641
25,174,0.06195526072020052
25,140,0.056681747671153526
25,131,0.0555787033163061
25,138,0.054894426975994004
26,116,0.18479938661218376
26,70,0.17078609888498475
26,141,0.15115010242031346
26,192,0.13571816930967184
26,23,0.11597473655812451
26,167,0.08594141137794842
26,52,0.05884315995517664
26,158,0.051031445217445626
26,175,0.05091589172224387
26,31,0.04979471033116678
26,194,0.046285750225593114
26,74,0.04603728131446405
26,15,0.041852767723291384
26,32,0.03198471375936085
26,128,0.03061688645763383
26,9,0.030311337226945234
26,135,0.02871837293643864
26,125,0.02852055810719567
26,122,0.027695002823758474
26,154,0.02360107146011181
26,43,0.022169927806448775
26,51,0.021177452502970318
27,100,0.5140482222689371
27,101,0.34237597545327647
27,131,0.29876920883256664
27,136,0.25363614231170417
27,186,0.11386707012746977
27,124,0.10421605466316208
27,161,0.07756909588390637
27,180,0.0638303381421701
27,99,0.060807067504582424
27,2,0.043082472687215434
27,77,0.037575322564503466
27,38,0.036867876107781195
27,139,0.03476913991095398
28,37,0.41482180235065536
28,24,0.29602343502383777
28,126,0.15408055116402042
28,63,0.12759076018940851
28,20,0.0937008785509692
28,142,0.07663113525293797
28,153,0.07228085590226618
28,69,0.06470425395780188
28,19,0.059202898247035396
28,18,0.05815528407640158
28,67,0.05168931748754224
28,72,0.04981577912279722
28,147,0.04828064585421932
28,179,0.046839281043027925
28,61,0.045182810951231556
28,68,0.04102619403814278
28,80,0.039393548287960156
28,48,0.038043036218212256
28,88,0.03537964787975878
28,117,0.0346039681844138
28,56,0.03417159128804825
28,157,0.03288941179812088
28,127,0.03217051226848611
28,35,0.03195855589089425
28,182,0.030702961307173315
29,45,0.5069365496741025
29,170,0.5040669221656712
29,159,0.3382007836170653
29,114,0.1401325621222722
29,123,0.12050325369091452
29,168,0.11873552764039297
29,135,0.11321759795521924
29,157,0.10737047210561124
29,18,0.1068553062380091
29,184,0.10175082183947115
29,15,0.10150831229501434
29,82,0.09085064865235037
29,132,0.08708180981547775
29,66,0.08523892118366116
29,131,0.07460957776251087
29,158,0.061165293414595645
29,139,0.0575725157416056
29,70,0.055826003386187706
29,145,0.05511885226088653
29,160,0.05128556186028277
29,144,0.050772014056308046
29,88,0.05052285933963385
29,107,0.047250887868916625
29,8,0.04611049550615531
29,106,0.043616690804680225
29,95,0.040248310838964074
29,185,0.03915858547609963
29,162,0.0367955522648169
29,81,0.035406566452399924
29,130,0.034849191650389466
30,34,0.14791299580584538
30,163,0.03975926346638603
30,138,0.02955551466410178
30,78,0.02395267266505119
31,79,0.21652057269428804
31,51,0.2120371821398883
31,91,0.0896053826273776
31,143,0.06231434490282839
31,115,0.05987040648640596
31,192,0.05420317315347256
31,112,0.05398381881742742
31,116,0.05141957691409049
31,26,0.04979471033116678
31,167,0.04065664315805284
31,23,0.038689948709267896
31,1,0.034884587785325105
31,90,0.03328185037004583
31,104,0.03252221864375737
31,156,0.03205453400387215
31,151,0.031182331627431892
31,74,0.029396933993162233
31,113,0.026918688731185525
31,105,0.026563724657780563
31,171,0.025482854599377713
31,46,0.025417151592667553
31,154,0.024593684040634
31,50,0.022975503292509414
32,103,0.5017985615277014
32,15,0.15076585097850237
32,25,0.0975055036168524
32,62,0.09521258656420972
32,109,0.09245578304005186
32,6,0.08718380885038424
32,38,0.0819560826803859
32,17,0.08074639846555565
32,107,0.07520512882060137
32,175,0.0584326650383874
32,123,0.0579760306571897
32,188,0.04660039944167882
32,9,0.03814485417178781
32,35,0.0324505151301584
32,26,0.03198471375936085
33,128,0.14650252832627442
33,113,0.09756667783832529
33,103,0.09420281949869991
33,173,0.09171507319963634
33,193,0.08743711313519731
33,140,0.07676368631870656
33,155,0.06814773424194198
33,38,0.067225645980869
33,84,0.06583239983928557
33,186,0.06438830908708337
33,25,0.06417224515209641
33,169,0.06098876253705754
33,82,0.054025982191072575
33,118,0.05115877305378724
33,175,0.05112127375775721
33,81,0.049817996036349066
33,192,0.049203733351153134
33,119,0.04893461413316624
33,109,0.048272131431737364
33,17,0.04625403985517407
33,105,0.041495173680461184
33,172,0.04062654689624834
33,185,0.03851069734295509
33,5,0.03758595176951385
33,165,0.03731919930903416
33,63,0.03548002619865265
33,94,0.034350007434385765
33,49,0.033739150303227605
33,9,0.03278161880453767
33,131,0.029131493718433488
33,67,0.028492722377900126
33,141,0.02638292575563539
33,176,0.02634053127887037
33,111,0.026289991702937998
33,184,0.024370812699270772
33,104,0.02434672955103967
33,135,0.023980222908545956
33,179,0.022711562611934855
33,156,0.02235566084908036
33,126,0.02143175260752428
33,139,0.02102076794113905
33,198,0.020720065837343538
33,88,0.020225092369266395
33,116,0.02021665764688252
33,35,0.01968514955355971
33,145,0.019478559353421132
33,178,0.018913779633983663
33,122,0.018464696834808003
33,190,0.01727674371325616
33,76,0.016251644391104048
33,187,0.01612356912037416
34,138,0.2742054866308826
34,78,0.20553215916370593
34,30,0.14791299580584538
34,163,0.10996881445197981
34,58,0.048069080301684886
34,53,0.03643283252235219
34,57,0.027628424167183252
34,121,0.020299783424739704
34,98,0.01430536262644111
34,64,0.013461183165314083
34,7,0.012372658468427833
35,174,0.11992597122077198
35,126,0.11282570910668066
35,67,0.09470689499089302
35,14,0.09035699126191377
35,135,0.08130147016326494
35,182,0.06684627570552393
35,92,0.06305595817149778
35,164,0.06022962612829352
35,147,0.058649011001660645
35,47,0.057269572521123746
35,9,0.05622615122718988
35,149,0.052133140009891665
35,148,0.05178894967821579
35,71,0.050778016271527115
35,13,0.04983086041825868
35,37,0.049554747043613956
35,11,0.048865775403670986
35,18,0.04679127740631195
35,49,0.04348809583918878
35,53,0.03946296682446371
35,43,0.03875099198326537
35,185,0.03544466922361189
35,109,0.03480919572598351
35,107,0.034398709492145185
35,88,0.03406934391590655
35,125,0.0334163349433072
35,48,0.03266115851362028
35,32,0.0324505151301584
35,82,0.03211273573756479
35,28,0.03195855589089425
35,16,0.029841678822721596
35,152,0.02827892787878572
35,159,0.028003902682209425
35,134,0.027466398176039575
35,23,0.026744247357052275
35,10,0.025812610665439273
35,141,0.025094166695677766
35,176,0.02463086563247796
35,74,0.023950382663128322
35,19,0.023846699649219927
35,8,0.02254915556939252
35,169,0.022054879089979607
35,113,0.021800439901149216
35,139,0.021558563728251046
35,111,0.021165131109012747
35,2,0.021018023794839746
35,161,0.020998383388665998
35,87,0.02076400604626716
35,38,0.02034460943896199
35,189,0.020237724192139872
35,33,0.01968514955355971
35,187,0.019469797915764753
35,119,0.019454963030114958
35,144,0.019137840126470462
35,24,0.019101606917713676
35,156,0.019034873643850703
35,177,0.018758834825698067
35,130,0.018758256878229074
35,127,0.018416581439867352
35,29,0.018132072217160178
35,183,0.017872499131035613
35,171,0.017689851769088105
35,160,0.017681722176930204
35,120,0.01759796342959541
35,188,0.017498889851708
35,61,0.017392703429895073
35,56,0.017312449084060044
35,73,0.017149004607228235
35,137,0.01699724811985237
35,54,0.01689049217895211
35,89,0.016680170808131112
35,52,0.015608097026214462
35,106,0.015570816910252971
35,175,0.015417466370803212
35,193,0.015370749482100154
35,17,0.01522163355879369
35,150,0.015148494175347693
35,90,0.014102113109757064
35,76,0.01381252723548232
35,110,0.013710413960871248
35,80,0.013537233211470934
35,51,0.013506795671273664
35,101,0.013314660608188422
36,108,0.3212048822239
36,3,0.05332157247595848
36,152,0.041483347854503694
36,195,0.03608283659703648
36,4,0.016973691278150405
36,121,0.016206777225504787
36,98,0.015559287255920706
37,28,0.41482180235065536
37,24,0.3309883748140716
37,126,0.21902768323131871
37,117,0.10667110901402554
37,18,0.10594442061742781
37,35,0.049554747043613956
37,184,0.04818288332453413
37,135,0.047195560810209036
37,88,0.03855007553132994
37,177,0.03743752125516531
37,174,0.035734793417630195
37,182,0.032744872659173696
37,147,0.030301866335707195
37,72,0.027051043716763923
37,155,0.026755798625105576
38,12,0.13434569137512375
38,103,0.1135566383038853
38,112,0.09728090390857491
38,32,0.0819560826803859
38,162,0.07523286016319064
38,172,0.07424100854068072
38,33,0.067225645980869
38,176,0.060910975106787
38,169,0.06018149035770071
38,74,0.0599965767547509
38,187,0.05470198251843683
38,9,0.05267762194755199
38,185,0.0503260690858478
38,174,0.04686150767163022
38,10,0.04649509731428325
38,19,0.04169413943990874
38,156,0.041181620005398045
38,82,0.041076692696835226
38,173,0.03879660647201322
38,72,0.03871119741045703
38,180,0.03849528240744371
38,119,0.03808531243529745
38,139,0.03716237793108412
38,27,0.036867876107781195
38,49,0.036167269086122444
38,5,0.035292061603710345
38,107,0.034496084830916596
38,137,0.032027419948065794
38,96,0.030788940243846374
38,104,0.03015861526396635
38,115,0.029020861980321944
38,69,0.02897086756965206
38,113,0.027341477641131373
38,73,0.027120232480650208
38,193,0.0267025497796618
38,126,0.026184214937832517
38,87,0.02517481734351701
38,141,0.02497250728137268
38,29,0.02459878249196812
38,177,0.024030914587138463
38,61,0.023460849460535615
38,11,0.02338775159318307
38,111,0.022492611014412245
38,116,0.021829666466125275
38,76,0.021494442603308017
38,91,0.020550843594606127
38,41,0.020415413889821377
38,35,0.02034460943896199
38,63,0.020287685699229785
38,6,0.019310995446597645
38,51,0.019242375172206727
38,159,0.01922060699753092
38,150,0.018880986310467862
38,134,0.01878170798033274
38,48,0.017895102390799944
38,153,0.017066041342581273
38,146,0.01670041485078566
38,195,0.016588309956193426
38,149,0.016532940760978443
38,143,0.016145858161394133
38,50,0.01598880598850938
38,132,0.015773660232595188
38,161,0.015709504915179195
38,135,0.01560074454162741
38,83,0.015252996071995928
38,15,0.01510056034063545
38,105,0.014723468998098066
38,68,0.014242382641680984
38,186,0.01421182012091482
38,31,0.014118562521153843
38,26,0.013830066190315349
38,108,0.01379743448773385
38,84,0.013423715175358564
38,89,0.013318588356102223
38,17,0.013229353642596697
38,8,0.01301988262178222
38,110,0.012659321892404818
38,101,0.01227451130011592
38,80,0.012098043665853764
38,62,0.012027078369628352
38,179,0.011966364251287165
38,128,0.011908598133826276
38,122,0.01188138240136194
38,148,0.011826500388407268
38,164,0.011771810803652305
38,155,0.01172858975471458
38,189,0.011724762573768865
38,197,0.011603208368288764
38,88,0.011543324424401646
38,47,0.011250590829596896
38,75,0.011158666821617036
38,7,0.011145062431269559
38,151,0.01105420376795041
38,56,0.011028612430701412
38,1,0.010932530859388057
38,125,0.010764775351000844
38,158,0.01068775186710691
38,129,0.010390586133532387
38,54,0.010354666275502966
38,70,0.010102922826637495
38,46,0.010089010680451427
38,196,0.010058305981208937
38,136,0.009823867422248833
38,18,0.00972579833270748
38,144,0.009553463472562473
38,28,0.009552915178290489
38,13,0.009415043288538594
38,24,0.009383447267097944
38,152,0.008928801853314905
38,117,0.00892049278414453
38,130,0.008388605760046186
38,154,0.008380802552620414
38,190,0.008259018715426891
38,183,0.007996777435930746
38,59,0.007706906093672861
38,140,0.0075348891765083525
38,57,0.00731199096902635
38,3,0.007037268352105164
38,37,0.007023176979381152
38,90,0.006864172606343866
38,2,0.006708462289558792
38,79,0.006700914068743735
38,53,0.006687546281156864
38,106,0.006457740061382888
38,188,0.006391905464805392
38,22,0.006372420170371651
38,21,0.006250720316491765
38,4,0.0062023841156683135
38,92,0.006078334515709605
38,133,0.005691612505056565
38,166,0.0052357880717675
38,39,0.005008560644476856
38,118,0.004972649670212048
38,157,0.0047227110264767
38,94,0.004369530309513925
38,85,0.0041589098894074805
38,178,0.004141641388965556
39,52,0.12146515160290927
39,13,0.11391183963112672
39,90,0.09224527442599761
39,1,0.07751728996741647
39,151,0.07313958679599386
39,164,0.06965268855545936
39,91,0.0652166538001937
39,194,0.06470092679054307
39,136,0.0521700151187422
39,166,0.050259698819377974
39,140,0.04327572790635259
39,55,0.040873347491035994
39,184,0.03262218627730307
39,50,0.03128629365069202
39,64,0.028777364332510214
39,81,0.026521327292237995
39,41,0.0249745084690961
39,192,0.024710123326491473
39,153,0.022791553249396634
39,196,0.022121663280986414
39,197,0.022000857125243245
39,167,0.02171305755369979
39,156,0.02153181916631275
39,171,0.018450562600058618
39,155,0.01800445178778498
39,118,0.01696384762168579
39,56,0.016629546818221597
39,115,0.016073483103954178
39,92,0.01588211316568766
39,100,0.015531784738015753
39,44,0.014547243915250752
39,146,0.014524735296013724
39,99,0.014051103649179053
39,7,0.013892957920924487
39,177,0.013746671132645605
39,79,0.01320415578683709
39,11,0.013199356203730472
39,31,0.011950576421499548
39,152,0.011682057679472946
39,161,0.011308839119375969
39,183,0.010645217536976226
40,181,0.18379399092407767
40,186,0.13421307103749935
40,8,0.11215595282309998
40,101,0.060674019249927436
40,23,0.050237808132051365
40,164,0.04892380808648822
40,99,0.041568832171355874
40,161,0.036003847878365525
40,115,0.03577105393786262
40,148,0.03340806523800399
40,152,0.027926219179359446
40,104,0.026696678032495313
40,100,0.023752400291432774
40,122,0.021162725257460435
40,77,0.01611886605494972
40,59,0.015985381025250045
40,112,0.014714640107299726
41,5,0.20932477787017378
41,136,0.18973813538806195
41,188,0.13666785061070708
41,1,0.08943231220225445
41,173,0.08627207656003788
41,53,0.08173576158516094
41,55,0.07534727172884537
41,23,0.07419949707827933
41,50,0.07310588343038471
41,91,0.07094333147814968
41,52,0.06811597253851365
41,192,0.06515180387536823
41,90,0.05617808178099559
41,151,0.05044900979233835
41,183,0.04406910988222523
41,167,0.04390983723444497
41,58,0.04319119398657234
41,57,0.03939877664169267
41,74,0.03826334005166654
41,64,0.03615575426083972
41,113,0.03491521816179066
41,104,0.03444610874699727
41,112,0.03408984973683271
41,51,0.033460842058611995
41,115,0.03330320127294628
41,194,0.032750544684876814
41,156,0.03028542515693422
41,175,0.02817345536892568
41,39,0.0249745084690961
41,7,0.02371042716660343
41,49,0.023563044566481728
41,13,0.022502551548520544
41,92,0.022142535236971517
41,155,0.02148736520965855
41,38,0.020415413889821377
41,73,0.01962345550677025
41,14,0.018964027811917417
41,148,0.018583691477837783
41,63,0.01850464530568019
41,171,0.017989887736648114
41,166,0.01750854744298702
41,111,0.015933153325817684
41,116,0.014528277975400461
42,8,0.020345920476164125
42,197,0.019224218356392986
42,156,0.009661846135616381
42,196,0.007837362726664798
42,59,0.006821652647966525
42,57,0.00625703839198144
42,193,0.004381303771989864
42,44,0.004142452326448609
42,171,0.0031593827050931944
42,183,0.003058734446348965
42,118,0.0029296335695201403
42,7,0.0028758494083227504
42,172,0.002744558655276119
42,46,0.0026575311899196263
42,181,0.002444484218650289
42,138,0.0024218573766566776
42,111,0.0023753778273564174
42,50,0.0023236441534348895
42,173,0.0023182663767202794
42,27,0.0020756575323154225
42,55,0.0020727835354374946
42,13,0.002020948108581999
42,162,0.001970536272571599
42,113,0.001951571661344409
42,194,0.0015650289746618196
42,137,0.0014826084024638364
42,148,0.0014179116116097568
43,189,0.17171943451891858
43,10,0.10881666698897374
43,11,0.09995782915986828
43,13,0.06565551216653764
43,49,0.06090796895382822
43,85,0.04855732914282651
43,61,0.048223946069573254
43,185,0.04810473578286689
43,35,0.03875099198326537
43,86,0.03137615698346086
43,8,0.029913532492732542
43,18,0.029796051486155495
43,95,0.027010831247183287
43,89,0.025319203485665964
43,140,0.0223378294527542
43,151,0.022223580854292102
43,15,0.02220967716391209
43,26,0.022169927806448775
43,147,0.02032229955281184
43,181,0.02015612733012251
43,179,0.019378971663560618
