Source,Target,Weight
0,105,0.0745133031264098
0,127,0.06692379175498131
0,110,0.06020066405164071
0,68,0.03423767536077038
0,181,0.019519583433241006
1,167,0.1582338779874315
1,151,0.15087004146676697
1,192,0.1429473501362447
1,50,0.13452357652510616
1,136,0.12089132706476102
1,90,0.10256113706312697
1,52,0.10117936406912698
1,174,0.09577691877594274
1,13,0.08889810238721618
1,41,0.08596285292855543
1,194,0.08339855671107121
1,188,0.08048905437316378
1,91,0.0785246436668049
1,39,0.07729239496222584
1,164,0.06232563488066123
1,175,0.060857392610444316
1,55,0.056529581890351066
1,92,0.05362678439795232
1,177,0.05011555754526176
1,49,0.04919974636603908
1,47,0.048854309665156914
1,57,0.04728854140943228
1,7,0.04603684236365191
1,64,0.045691294754878875
1,59,0.04409761304397508
1,5,0.04152705704074866
1,144,0.0379020543198485
1,156,0.03728813505856621
1,111,0.03707452772809261
1,169,0.03514399283871217
1,74,0.034886365809053244
1,31,0.034653350041964126
1,15,0.0343391904114736
1,53,0.033989259384146986
1,112,0.03347322254211149
1,171,0.03137237474601828
1,176,0.029469741684693185
1,166,0.027883651482481953
1,87,0.026620077909446982
1,120,0.021512277626673626
1,115,0.02075168687868012
1,183,0.017054858315320942
1,38,0.015941511731962676
1,9,0.014752391813044774
1,17,0.013587667139792425
2,69,0.18881654756981625
2,22,0.10754757410182503
2,82,0.09501532757220565
2,169,0.07510615362483286
2,105,0.0703605905005309
2,181,0.060091116416854495
2,171,0.059584227754353014
2,139,0.058657172218936404
2,118,0.05838418551918689
2,84,0.05833371164504342
2,106,0.055368427180680024
2,46,0.05222039282563351
2,185,0.05131649093300483
2,175,0.04889214965474242
2,111,0.04788490844367477
2,70,0.047489745269497785
2,134,0.04684041597592725
2,14,0.043994712332632746
2,116,0.043210498937868214
2,27,0.04308687958588897
2,121,0.03542101923435059
2,193,0.03137321537625981
2,178,0.030503632751604948
2,159,0.029501750499728918
2,90,0.02861009540467596
2,21,0.026792857152799332
2,59,0.026626445196385795
2,88,0.026623775226551794
2,141,0.025905899702168278
2,49,0.02542369029495939
2,93,0.024264012153214054
2,195,0.02424609801494315
2,81,0.02408528592382364
2,136,0.023299625806090796
2,94,0.02324847368057925
2,100,0.022308786735445896
2,52,0.02216457846651987
3,108,0.33045868317735305
3,4,0.32008255426493637
3,195,0.24587884483301892
3,121,0.13866928180570037
3,155,0.13660464877626544
3,98,0.1281281541332373
3,163,0.08642218514853273
3,191,0.07132045917708174
3,49,0.05745666355233214
3,36,0.05632473979117447
3,132,0.053185720111190826
3,144,0.05102771673943263
3,141,0.038132679572935424
3,185,0.03668140165082989
3,6,0.03613301380040457
3,140,0.033323261009242544
3,176,0.029813110756806482
3,133,0.027569605942842745
3,68,0.02666297210556412
3,111,0.019525632768386036
3,61,0.018809964745332586
4,3,0.32008255426493637
4,108,0.1926715831955964
4,121,0.07804120141809867
4,176,0.07260552766056505
4,163,0.05432165847202841
4,182,0.04796631202272861
4,36,0.022158806857639934
4,195,0.016998653400033703
4,98,0.016267100265078605
4,191,0.015731256987827735
5,41,0.1936323601231965
5,12,0.14236643111371383
5,194,0.057591007079995093
5,173,0.053131055656248094
5,1,0.04152705704074866
5,7,0.03979992815022859
5,52,0.03611989728271803
5,33,0.03583846016566561
5,38,0.034191024039668116
5,108,0.031008388254128327
5,136,0.02978774891574254
5,91,0.024782057767584798
5,192,0.024758144562191164
5,53,0.022509108178947357
5,69,0.022247064487774915
5,55,0.02050809568166767
5,74,0.020385066670624896
5,125,0.017219009739644298
5,183,0.016736051871991564
5,148,0.016613832561374497
5,145,0.016109897389816386
5,51,0.015855500121726207
5,175,0.01563327318004093
5,47,0.015291894844156162
5,26,0.014930770804114979
5,135,0.014903324056889211
5,57,0.013902950382083445
5,23,0.012962628725838088
5,167,0.012718915393336805
5,171,0.012562910745165468
5,50,0.012382823669462306
5,20,0.01170453974290142
6,62,0.640582885158159
6,49,0.09619969070377099
6,32,0.08696117121785418
6,144,0.07726939677712397
6,185,0.06378629452560303
6,115,0.049013613771275
6,3,0.03613301380040457
6,61,0.0336041796225538
6,67,0.03171862392284197
6,9,0.031251365725074365
6,17,0.029450360100194417
6,112,0.028626588570994316
6,85,0.027697890818924153
6,107,0.027044506696421777
7,57,0.14952365315178306
7,58,0.11571898133741287
7,68,0.10183390113541857
7,112,0.09881299851335856
7,53,0.09520790433482484
7,136,0.08285358065009751
7,46,0.06926222868818233
7,193,0.06558085546696257
7,115,0.06533372873491572
7,49,0.062269325308084045
7,82,0.06138588346656271
7,156,0.056149096173945034
7,96,0.047201777313850335
7,64,0.046961445555556036
7,1,0.04603684236365191
7,172,0.04005714966107865
7,5,0.03979992815022859
7,106,0.0386014240697502
7,139,0.03571515093179134
7,125,0.03245271463472976
7,91,0.03240273047798525
7,92,0.03169756076892283
7,148,0.03161846352797315
7,50,0.031097838396007216
7,185,0.031010869481274184
7,105,0.028891700057753655
7,144,0.028160965171377894
7,55,0.026451055975188376
7,85,0.02614172393213232
7,52,0.02424275161449585
7,41,0.021926612152818326
7,160,0.01904171537410737
7,151,0.017889207180868394
7,159,0.017371661465776844
7,132,0.017084236710066536
7,194,0.016790437130407176
7,146,0.016450143334100775
7,6,0.016447454919772064
7,183,0.01641854402129128
7,167,0.01599814020731427
7,74,0.0157606804106728
7,22,0.014523394067633588
7,2,0.014391711112704875
7,117,0.0143636729054194
7,16,0.013896177361974571
7,31,0.01381589056629251
7,176,0.013511858006517663
7,39,0.013475488591405238
7,104,0.013156142351127054
7,171,0.012974237216770934
7,33,0.012453358461657071
7,34,0.011885825794434646
7,116,0.011783316505570518
7,189,0.011510919844146983
7,164,0.01140267132834405
7,90,0.011366339922402324
7,11,0.011331196204696692
7,138,0.011276345063761295
7,137,0.010919795275681765
7,38,0.010814040456025298
7,79,0.010791104563989573
7,73,0.010584648403102248
7,8,0.010534110677894337
7,103,0.010437943949672568
7,150,0.010276088591740562
7,114,0.010176305413362563
7,162,0.010122021998258734
8,10,0.24656544802736968
8,145,0.18477958217843604
8,106,0.16174216755245907
8,77,0.13409652847570108
8,139,0.1300902984923875
8,165,0.11809926627165868
8,162,0.1158931991400114
8,148,0.112423660946115
8,40,0.10921387680216876
8,160,0.10460617648966375
8,65,0.10205287294850107
8,107,0.09631230195953921
8,82,0.08927128497196679
8,13,0.08844390639195643
8,171,0.07930266418002851
8,109,0.07898676479650102
8,47,0.07378778687763521
8,102,0.06601752867156996
8,59,0.06433892187053747
8,95,0.06371213628163797
8,159,0.06057780914350264
8,81,0.05591063165699184
8,17,0.05138996970326315
8,170,0.04413799407811636
8,168,0.0401167755817432
8,84,0.03952870097994532
8,76,0.038970658813115344
8,96,0.03878702679237933
8,25,0.036948395256280686
8,112,0.03305430759535344
8,132,0.03276351134770128
8,181,0.031150029721943584
8,176,0.030434362724909625
8,29,0.02949607586179448
8,150,0.029377176807985683
8,88,0.02877941491562097
8,23,0.028350765552512258
8,169,0.026809645069063137
8,43,0.02569598032596465
9,88,0.1426473620272244
9,142,0.10465196290590961
9,19,0.08379316232848066
9,113,0.08200290651121434
9,143,0.06724220121937619
9,118,0.06580065638246646
9,132,0.05566082817459306
9,38,0.05391742132534516
9,35,0.052383101523156506
9,169,0.045168494922169455
9,156,0.04357127801720173
9,190,0.04236529868426009
9,61,0.040811382817027564
9,17,0.04018349654631581
9,18,0.03880349558749674
9,117,0.03873203148634341
9,74,0.038023066941334505
9,32,0.0376943312376018
9,15,0.037521089525535456
9,146,0.036033637169422095
9,122,0.035556039503575
9,127,0.03549555242848157
9,11,0.03282374008822164
9,33,0.03210858427320262
9,105,0.03144832322202329
9,6,0.031251365725074365
9,67,0.030949219457366617
9,21,0.030706760339578976
9,26,0.02977834269448154
9,63,0.026969345072155093
9,23,0.02691335455887478
9,116,0.025512624943673123
9,96,0.02450581269922547
9,73,0.02403512049386669
9,99,0.02371400023676684
9,185,0.02301653904615142
9,103,0.02289505364089106
9,106,0.02279120676605506
9,80,0.02225623667123744
9,198,0.022241601893096763
9,178,0.02209803306623148
9,50,0.021251460889331497
9,101,0.020456787080868954
9,159,0.019788836949081512
9,195,0.019414617241418686
9,135,0.019201984391707394
9,100,0.018821341165714767
9,71,0.018797133720896086
9,171,0.01809386300077831
9,31,0.01802333738745121
9,155,0.017733771971558232
10,8,0.24656544802736968
10,43,0.112992631021681
10,189,0.11024777760351556
10,83,0.09167607153801538
10,38,0.0458324028978635
10,11,0.04009656911165205
10,61,0.03747487281877715
10,27,0.026097440155104734
10,35,0.02427712848394703
10,171,0.02358359748481742
10,49,0.023290688971737472
10,185,0.022718131377195472
10,137,0.02235939760585559
10,130,0.019175677501635402
10,63,0.01872214942885897
10,2,0.016938625524815176
10,48,0.016724872668195445
10,119,0.01612327758475529
10,174,0.01558330612997827
10,181,0.013705912985515822
11,43,0.08194716918233724
11,19,0.06295260845506834
11,89,0.04934500375275197
11,49,0.04830190425017722
11,58,0.046791539948098704
11,35,0.04185507369187258
11,17,0.04038497538020891
11,10,0.04009656911165205
11,56,0.03903262825587339
11,63,0.036120965469466415
11,9,0.03282374008822164
11,25,0.030309189255346425
11,185,0.029010772117198935
11,141,0.027891420295690805
11,60,0.027738812326155604
11,109,0.02675750733968807
11,51,0.02636012250405395
11,74,0.02512178973446666
11,18,0.025032926269472733
11,139,0.02415456954198647
11,85,0.022382136325267532
11,68,0.021753318777194774
11,71,0.021716618030738544
11,153,0.02039616397575994
11,145,0.01987317000698663
11,38,0.01983526806998248
11,61,0.019285032472895924
11,80,0.018146417570023443
11,149,0.017840959336259066
11,20,0.017446494260628498
11,140,0.016981754638311863
11,86,0.016913465720390652
11,82,0.016568817536086855
11,187,0.016380252851547983
11,88,0.016317499899596077
11,150,0.015910155640913026
11,105,0.014732558269469953
11,179,0.01443392855106107
11,144,0.014364565524163986
11,176,0.013975493105359948
11,132,0.013968814343910285
11,77,0.013808007322478555
11,21,0.013715300243108297
11,116,0.013409209454824156
11,126,0.012883326969012843
11,8,0.012801462863716306
11,160,0.01277963156883044
11,46,0.0126888159434152
11,189,0.012672035854500052
11,169,0.012639604079543343
11,164,0.012248149166325994
11,67,0.011886991435908212
11,28,0.011568007957753812
11,16,0.011494182451753931
11,7,0.011331196204696692
11,15,0.011326045343804436
11,90,0.011284103576842841
11,39,0.011283583536323971
11,65,0.010513210487541058
11,146,0.010395585711030497
11,127,0.01032913891199283
11,72,0.009923366435731107
11,129,0.00978285211259644
11,81,0.00977950469443345
11,54,0.009537116157598446
11,104,0.00951019271092246
11,113,0.009504955509706758
11,13,0.009121709217955298
11,162,0.009086173551855148
11,180,0.009057751242272816
12,5,0.14236643111371383
12,38,0.13544871464470354
12,150,0.07476292568671683
12,70,0.03573384114899614
12,133,0.02931993561976154
12,69,0.028065425603545302
12,48,0.02431653914345966
12,144,0.02132476520529092
12,63,0.01787138787944531
12,49,0.01724747113243197
12,192,0.016607150653401237
12,59,0.016276837382521503
12,14,0.015238870332303756
12,105,0.01495975536077887
12,198,0.014545204032383574
12,84,0.013810399648144789
13,120,0.26417280153878764
13,110,0.11232644060074826
13,39,0.1116407060162895
13,90,0.10502843485372726
13,1,0.08889810238721618
13,8,0.08844390639195643
13,92,0.0743499079532024
13,15,0.07099647305131751
13,151,0.06717761705859449
13,57,0.06309635281320303
13,169,0.060785596947664944
13,127,0.058850145535290554
13,43,0.05735770839210974
13,166,0.04741894310749528
13,35,0.047262522036246035
13,52,0.04544070820577617
13,194,0.039892763761185446
13,130,0.03920792974948484
13,164,0.03847502565651861
13,51,0.03542176849921874
13,50,0.0312824867108209
13,193,0.03050771936636243
13,177,0.03050383171709725
13,63,0.029411752533368363
13,113,0.022573745559827496
13,41,0.0211144695990364
14,59,0.08997935333656215
14,35,0.08743927977392696
14,2,0.043994712332632746
14,125,0.0430519165992963
14,23,0.040177916864647445
14,48,0.0388838859903875
14,122,0.03864629307620038
14,52,0.0381806827411707
14,21,0.03789893463836602
14,160,0.037531781254773855
14,126,0.03624246252024044
14,67,0.03557824521937458
14,159,0.0324808586185682
14,73,0.026199286590982362
14,131,0.025480755628097707
14,144,0.02442024494032391
14,174,0.022685870981791534
14,164,0.022325553673338994
14,191,0.021414439811960007
14,147,0.021063240811679318
14,140,0.020687919375583896
14,104,0.020302473563089563
14,90,0.019759741584329693
14,130,0.019124980182704032
14,41,0.018447624492942793
14,186,0.01776155309756211
14,135,0.017115027640095204
14,71,0.01653040363128566
15,45,0.17646368900059006
15,32,0.15041164846719202
15,106,0.11668678148753375
15,159,0.10804962743953028
15,151,0.09332963718208298
15,25,0.09148993573576802
15,17,0.0876391832528004
15,109,0.08166446097450031
15,170,0.07735881092184116
15,120,0.07597511173388816
15,88,0.07133527849890031
15,13,0.07099647305131751
15,29,0.06708904645685232
15,103,0.06406577307367534
15,189,0.05384003688064065
15,155,0.04997167377051048
15,136,0.04555908550244969
15,26,0.04166088021253478
15,142,0.04030381986241882
15,9,0.037521089525535456
15,135,0.037113114435391115
15,90,0.03660368258850555
15,23,0.03612833563888895
15,1,0.0343391904114736
15,104,0.030038695433675433
15,122,0.029794189058586884
15,138,0.028543373369577574
15,132,0.028153692539200637
15,67,0.025997562668268026
15,184,0.025544388203963986
15,150,0.024676948087299033
15,131,0.024172270399394624
15,130,0.023772859346042008
15,167,0.023594854136103405
15,192,0.023566142158944925
15,52,0.023412370803344018
15,149,0.021884405919753602
15,116,0.02134368057452396
15,87,0.02129935597206034
15,185,0.020281649352695608
15,123,0.019932637717622437
15,43,0.019535225165716263
15,175,0.019269350624897763
15,96,0.019257784883512485
15,174,0.019177930286191414
15,183,0.018720243045161622
15,171,0.018101142921264746
15,61,0.018021470404484874
15,125,0.01801000123434493
15,101,0.017625305507220412
15,21,0.017265399040083174
15,144,0.017054358223388633
15,8,0.016812507378766384
15,181,0.016629007515733263
15,107,0.01654231115404614
15,129,0.016478907645440577
15,31,0.015921113067066783
15,63,0.01588439315156409
15,38,0.015586353966910882
15,28,0.01556917815340575
15,188,0.015441784900990463
15,85,0.014498130219295802
15,74,0.013795408304855705
15,160,0.013621740276330785
15,49,0.012810171679906945
15,113,0.012649712329285911
15,105,0.012315824913232465
15,97,0.01225974390111717
15,6,0.012050597807156227
15,35,0.011816420605474498
15,156,0.011659005796955668
15,68,0.011353709537236467
15,11,0.011326045343804436
15,50,0.010954277024318393
16,158,0.13635415640656556
16,105,0.056766521793365166
16,154,0.05639841336499418
16,140,0.04390755554464787
16,152,0.038976398477893914
16,76,0.03106579959514888
16,35,0.028933519079811454
16,118,0.02875988910050442
16,127,0.027452039796198147
16,171,0.02468253272051424
16,115,0.024387723995678234
16,183,0.02352063967760798
16,187,0.02331529786986697
16,20,0.0218826375024892
16,156,0.018326905045581654
16,119,0.01802823641784468
16,101,0.01664316841345148
16,84,0.015281954043237289
16,81,0.014691727103464669
16,122,0.01444332565098061
16,7,0.013896177361974571
16,198,0.013510368290064911
16,120,0.01332780414933743
16,79,0.013311950823405083
16,64,0.013213458935183553
16,11,0.011494182451753931
16,52,0.0113386668980201
16,160,0.011251854762258096
17,25,0.7287062747602655
17,109,0.5608806397681754
17,73,0.33488741700908065
17,171,0.14336328332672177
17,123,0.09207921751107484
17,15,0.0876391832528004
17,32,0.0802571965873613
17,131,0.06874545048814529
17,172,0.06410737882905171
17,167,0.06260057887817483
18,135,0.2420814558692974
18,19,0.21168134975004527
18,88,0.1592550173684466
18,89,0.1142919137094871
18,37,0.10187330627333113
18,117,0.08286326471019678
18,106,0.07144765740627779
18,29,0.067201623706024
18,159,0.0670584548703046
18,174,0.06579381809026974
18,56,0.064756773422453
18,85,0.06467376540905367
18,107,0.06275222309561679
18,63,0.060679980067243955
18,60,0.060178754982286864
18,132,0.05792020784710916
18,28,0.05752317666390572
18,80,0.05728884199638329
18,146,0.04959525229541928
18,24,0.04872444509344087
18,158,0.04832501020621238
18,35,0.04424539076414824
18,20,0.04337383645807846
18,87,0.03938283491880734
18,9,0.03880349558749674
18,86,0.03787050878863585
18,67,0.03535916600884392
18,61,0.03368836582268131
18,127,0.03119226034277056
18,185,0.030823376232513633
18,151,0.029753878788531973
18,23,0.02889419298410012
18,97,0.028429062618803735
19,18,0.21168134975004527
19,187,0.19506954037908852
19,63,0.15194704976911755
19,60,0.12213308961741265
19,80,0.11326784432899806
19,61,0.10797110405551891
19,70,0.10090698696767841
19,88,0.09108966864904411
19,9,0.08379316232848066
19,54,0.08250511878901068
19,69,0.08036800186880311
19,56,0.0775767876776371
19,68,0.07632337101355025
19,179,0.072584614764162
19,129,0.06610710860075941
19,11,0.06295260845506834
19,127,0.062235494485786136
19,67,0.06087643273688881
19,153,0.060045171893224114
19,28,0.057545815002868594
19,156,0.04822844741845178
19,143,0.04509962116981947
19,72,0.0433737569671786
19,74,0.04268651267869017
19,38,0.03867735980308851
19,49,0.03855993427057136
19,142,0.03378381218476234
19,20,0.030753360582858713
19,149,0.030727816927773488
19,147,0.029120207984925095
19,135,0.028328200191717334
19,83,0.025753756565567776
19,144,0.025357377144173854
19,71,0.024203216794193683
19,150,0.02275461880689289
19,89,0.021550138336594804
19,24,0.021266746103206557
19,158,0.02106699200893103
19,35,0.021026217700988226
19,105,0.02101593979791916
19,51,0.020469481419804203
19,151,0.01971704709087574
19,126,0.019352778402886073
20,28,0.09326218519925455
20,67,0.08955575271413652
20,88,0.06631927890469691
20,56,0.05564026842224179
20,60,0.051173188591025154
20,18,0.04337383645807846
20,71,0.0366813351068912
20,63,0.03655502270597322
20,117,0.036116396290974184
20,19,0.030753360582858713
20,135,0.030003165843225932
20,37,0.028015516124868856
20,75,0.026636275491351724
20,127,0.021899952634292785
20,16,0.0218826375024892
20,85,0.018794700398148012
20,153,0.0187150972375012
20,193,0.018415349535442327
20,144,0.018174844742577023
20,61,0.017749448036581184
20,11,0.017446494260628498
20,177,0.016334807919839545
20,86,0.015391626442990525
20,166,0.013992209250168974
20,186,0.01336816236366134
20,176,0.013024598512306751
20,70,0.012979913682664157
20,80,0.012975678709986393
20,68,0.012074866333462886
20,5,0.01170453974290142
20,179,0.01168379245682094
20,13,0.011426947435208556
20,35,0.011150073034093544
20,83,0.010427901322815125
20,156,0.010137817905664481
20,49,0.009304088248453635
20,90,0.008381032715613967
20,72,0.007841454022575634
20,54,0.007499484739368789
20,101,0.00684192121372551
20,105,0.006774393335514217
20,74,0.006146212814528318
21,122,0.343085351995118
21,159,0.21611202591545953
21,23,0.16669068099488116
21,181,0.08313345851678644
21,153,0.06954250106605309
21,194,0.062041241665753866
21,92,0.05695246852886904
21,155,0.049672159185079834
21,131,0.04268672816469743
21,14,0.03789893463836602
21,136,0.03624377677810797
21,9,0.030706760339578976
21,64,0.029228523136393902
21,198,0.027151238171922665
21,2,0.026792857152799332
22,76,0.25780947623760353
22,2,0.10754757410182503
22,169,0.06145774016297556
22,186,0.05867342673643028
22,193,0.05004864852299595
22,82,0.03895135135238692
22,101,0.03890390659365772
22,154,0.03667528943183984
22,122,0.03084889957976389
23,122,0.2758845574521378
23,159,0.21745397174966197
23,21,0.16669068099488116
23,172,0.13649297598171173
23,116,0.11532672755715323
23,26,0.11408240531945357
23,181,0.08735679463625923
23,44,0.07111900039720298
23,41,0.07065584915481171
23,74,0.05110847459045431
23,40,0.04913265866239891
23,131,0.04869365477926424
23,112,0.0471520715136553
23,130,0.042494666925991686
23,14,0.040177916864647445
24,182,0.3212122975416365
24,37,0.2998434256066951
24,28,0.2874509886901604
24,72,0.15233995439373926
24,142,0.14330205081363523
24,153,0.12120004580220933
24,157,0.09369223598459997
24,126,0.07871751064972288
24,48,0.05038800544113553
24,18,0.04872444509344087
24,146,0.04256376453031829
24,179,0.0396082265566754
25,17,0.7287062747602655
25,109,0.7020939787009669
25,171,0.13725548961131895
25,123,0.12388305578857672
25,107,0.11347935885156835
25,32,0.09748616013955957
25,15,0.09148993573576802
25,172,0.0819158386912402
25,160,0.07454654665665483
25,33,0.06351130293186125
25,174,0.06153343646375986
25,131,0.057106909681498674
25,138,0.05500590386819393
25,87,0.04540321144647741
25,140,0.041313717228148916
25,142,0.0398950311498083
25,8,0.036948395256280686
25,11,0.030309189255346425
25,177,0.029472729771481965
25,139,0.027171915485716402
25,169,0.023227109093046483
25,132,0.02242391956081402
25,114,0.02126260480590425
26,116,0.1816207589483123
26,70,0.16924083958765923
26,141,0.14779600531829762
26,192,0.1267574065914614
26,23,0.11408240531945357
26,167,0.07591657049953715
26,52,0.05799255620222454
26,158,0.050272605083371946
26,31,0.049005148269160914
26,74,0.046537920599465044
26,175,0.04521556751332234
26,15,0.04166088021253478
26,194,0.03898159144063973
26,128,0.03530686038304842
26,125,0.03185104629817259
26,32,0.03163862619174018
26,9,0.02977834269448154
26,122,0.027173445649285477
26,135,0.025893020788855248
26,51,0.023646988195613283
26,154,0.023441442106273414
27,100,0.5021828304853931
27,101,0.3345509974715255
27,131,0.30021658006934415
27,136,0.25419442871970077
27,186,0.11328801421089296
27,124,0.10552355549477666
27,161,0.07732879983374841
27,180,0.06301974880441152
27,99,0.06162779078041192
27,2,0.04308687958588897
27,77,0.03771389354365162
27,38,0.03567389438638546
28,182,0.5091035457795
28,37,0.406397517045779
28,24,0.2874509886901604
28,126,0.13876836407313364
28,63,0.12134783824246465
28,20,0.09326218519925455
28,67,0.08706069760125745
28,142,0.0766103618071945
28,153,0.07117790913142596
28,69,0.06495091230471628
28,19,0.057545815002868594
28,18,0.05752317666390572
28,72,0.04775221774203653
28,179,0.04632774619789193
28,35,0.04533243890722871
28,61,0.0411016452493187
28,147,0.041025177212009045
28,80,0.0372875503422484
28,48,0.03672467411725677
28,68,0.036444462677626355
28,88,0.03475477214107503
28,117,0.03440142990520012
28,56,0.034148281028794636
28,127,0.03000705102455259
29,170,0.35626478953475327
29,45,0.341355450019189
29,159,0.21994954058975957
29,114,0.10823362951156945
29,168,0.09353393518315722
29,123,0.07695147096489785
29,18,0.067201623706024
29,15,0.06708904645685232
29,135,0.06677182380091595
29,82,0.059842300207506804
29,131,0.05511886157651902
29,157,0.054696258318465474
29,66,0.052891564996260354
29,132,0.052165373910613155
29,158,0.039717899024685255
29,70,0.03543826737663491
29,139,0.0350915443379497
29,145,0.034766527951903936
29,144,0.03317056687238118
29,88,0.031756701682727595
29,160,0.030718154678668896
29,8,0.02949607586179448
29,107,0.029370621886627868
29,95,0.029021293321801034
29,106,0.02580629371555654
30,34,0.14796716255061892
30,163,0.03976424794580535
30,138,0.029582249444996433
30,78,0.023956571125488657
31,79,0.21555577105789403
31,51,0.20509454227927826
31,91,0.08765129552850992
31,143,0.067833476842589
31,115,0.05915831967664198
31,112,0.054022532188293004
31,192,0.0527203411400714
31,116,0.04992346073891585
31,26,0.049005148269160914
31,167,0.039038237165841316
31,23,0.0381353647823055
31,156,0.03517233161789857
31,1,0.034653350041964126
31,104,0.03301634771811002
31,90,0.032873612155272625
31,74,0.032019020831221434
31,151,0.030676522432605657
31,113,0.026562487088345743
31,105,0.02537328832002106
31,46,0.0253677324265279
31,171,0.024892120342164703
31,154,0.024425694029835854
31,50,0.024339729868933624
31,52,0.023196238936466163
31,67,0.0192551659225475
31,158,0.019007819978641205
31,88,0.018382496135960325
31,9,0.01802333738745121
31,15,0.015921113067066783
31,130,0.01541577745403655
32,103,0.49923874700224125
32,15,0.15041164846719202
32,25,0.09748616013955957
32,62,0.09601717562098111
32,109,0.09246157975824576
32,6,0.08696117121785418
32,17,0.0802571965873613
32,38,0.07896301526150595
32,123,0.07501581571423577
32,107,0.07339518953816526
32,175,0.052331282934352186
32,188,0.0409331269112615
32,9,0.0376943312376018
32,26,0.03163862619174018
32,35,0.02983190813575476
32,135,0.02591838468817409
32,82,0.02470149430438129
33,128,0.14082782918855163
33,113,0.09710324205188059
33,103,0.09391032823279943
33,173,0.08994087345373336
33,186,0.0697451867093648
33,193,0.06491737145280263
33,25,0.06351130293186125
33,84,0.06101474735042123
33,140,0.05770080053032445
33,38,0.057642569126727605
33,155,0.05595584959874955
33,82,0.05397319906144804
33,169,0.04942436311369247
33,109,0.04861893354061897
33,192,0.047296198454233385
33,17,0.04693084701385475
33,175,0.04607762217814326
33,124,0.04111442984381908
33,118,0.038607486719384077
33,105,0.03702992036669328
33,94,0.03613153254759094
33,5,0.03583846016566561
33,165,0.035451080678479685
33,63,0.035379036541446585
33,49,0.033897213141674265
33,9,0.03210858427320262
33,178,0.02991246299763073
33,131,0.02979279215151398
33,96,0.027401709469496716
33,67,0.026415518838269647
33,76,0.026323568650003404
33,116,0.026047676671335007
33,176,0.025668862385737956
33,145,0.024785788044089707
33,111,0.02447541761478289
33,104,0.024316863982676185
33,141,0.023862812736593852
33,135,0.022608374053460056
33,172,0.022261755693831042
33,126,0.020421690730908937
33,81,0.020259481151718384
33,179,0.019830453537769133
33,88,0.018635462787315094
33,122,0.018559605194535478
33,130,0.018004398648155506
33,8,0.0179842766281616
33,65,0.017714288299475744
33,198,0.017638270646763377
33,195,0.015986044167816793
33,150,0.014477884680099251
33,90,0.014418027302123604
33,139,0.01424395830948777
33,144,0.014236063767990803
33,106,0.013884166779602913
33,35,0.013794817998385667
33,87,0.013508074596035646
33,46,0.013361030164620646
33,7,0.012453358461657071
33,26,0.012163279750045608
33,190,0.012020955553892043
33,187,0.011522113753589358
33,32,0.011461775315508183
33,51,0.011342190387943263
33,2,0.011312864601790817
34,138,0.2743664842534328
34,78,0.20557037798778
34,30,0.14796716255061892
34,163,0.10998424593863865
34,58,0.04738001255833313
34,53,0.03489362833887988
34,57,0.027834622746416238
34,121,0.02027496812930074
34,98,0.014098203681130905
34,64,0.0133065631682312
34,7,0.011885825794434646
35,126,0.11797374904772462
35,174,0.11576358007664256
35,67,0.08945534040539926
35,14,0.08743927977392696
35,135,0.07048029590463267
35,37,0.0682536642877315
35,147,0.06474511443325459
35,92,0.05955777771169524
35,47,0.055135224344711964
35,164,0.05322933682636566
35,9,0.052383101523156506
35,71,0.049461453682608236
35,148,0.047685550244844666
35,13,0.047262522036246035
35,28,0.04533243890722871
35,149,0.04480286606950945
35,18,0.04424539076414824
35,182,0.042499474876989685
35,11,0.04185507369187258
35,49,0.04087306453518569
35,88,0.03772233995567931
35,53,0.0367942798804225
35,109,0.03349574951265755
35,43,0.032994914942268805
35,107,0.031718606624842494
35,125,0.031497136207279564
35,48,0.029981046635183195
35,32,0.02983190813575476
35,141,0.02982090062764342
35,82,0.029217521369922506
35,16,0.028933519079811454
35,24,0.027502384314319728
35,159,0.026610832011170538
35,68,0.026310502488638643
35,10,0.02427712848394703
35,176,0.023379058827242005
35,111,0.023304341765527536
35,152,0.023241639881106058
35,74,0.021747147257070942
35,61,0.02154085134346484
35,8,0.02123145530968773
35,113,0.021118673794648712
35,19,0.021026217700988226
35,81,0.020790629485931467
35,144,0.020712515160362543
35,153,0.020569072889368933
35,23,0.02027004328112303
35,156,0.020125479206970165
35,161,0.02003043917709113
35,189,0.019443961516254604
35,187,0.018624501757055767
35,87,0.018550058598487906
35,120,0.01764334273763679
35,130,0.017548968963910005
35,183,0.017296810931925477
35,139,0.01704112457053819
35,169,0.017033824521760166
35,56,0.01678400073717179
35,171,0.016719794334634108
35,2,0.01660371610279654
35,179,0.016450699082059983
35,127,0.01641836501669991
35,160,0.01631841359899433
35,89,0.016174115709997938
35,73,0.016008400392184985
35,17,0.015830143379310213
35,80,0.01536633796547271
35,63,0.015307447243367966
35,188,0.015077891939556998
35,52,0.014520213519487069
35,38,0.01441180368938566
35,150,0.014304721850044055
35,137,0.01413423083586951
35,177,0.0139772976730691
35,106,0.013889962291406266
35,33,0.013794817998385667
35,90,0.013718383928026046
35,185,0.013595646281838625
35,175,0.013416714543729169
35,54,0.013415605608749104
35,110,0.013198355806962159
35,76,0.01299082346692293
35,40,0.012100349435586688
35,15,0.011816420605474498
35,55,0.011520898704487137
35,20,0.011150073034093544
35,158,0.0110613789779338
35,117,0.010982535415180794
35,29,0.010962249301299742
35,112,0.010302886703761671
35,178,0.010169192395985127
35,116,0.0101079339921184
35,193,0.009740204840660516
35,101,0.009529475184852143
35,131,0.009309234153023427
35,12,0.008581072611792306
35,44,0.008524195404630563
35,69,0.008224728443277152
35,83,0.008170496209974232
35,155,0.007980631352372036
35,100,0.007861692116358676
35,142,0.007741802121515873
35,25,0.007539897364773118
35,128,0.0073937896927900315
35,50,0.007319806978207888
36,108,0.3186628230446089
36,3,0.05632473979117447
36,152,0.041066886853691864
36,195,0.036141886721756
36,4,0.022158806857639934
36,121,0.016283928090651822
36,98,0.015394175510351271
37,182,0.7486055913956047
37,28,0.406397517045779
37,24,0.2998434256066951
37,126,0.1970260706780781
37,117,0.11834850994491819
37,18,0.10187330627333113
37,35,0.0682536642877315
37,135,0.042897582500842635
37,88,0.04007726346719298
37,174,0.035704354190450704
37,20,0.028015516124868856
37,67,0.027417160368614968
37,147,0.025330519266703044
38,12,0.13544871464470354
38,103,0.11359445325030193
38,112,0.09877521440242187
38,32,0.07896301526150595
38,162,0.07403333521719335
38,74,0.06447261876146038
38,172,0.06111530390812436
38,176,0.059903360370655245
38,33,0.057642569126727605
38,180,0.05749025875074554
38,169,0.05742076277447716
38,187,0.05447149208839597
38,9,0.05391742132534516
38,174,0.04711951468620179
38,156,0.045924872370331604
38,10,0.0458324028978635
38,72,0.04036191625605168
38,19,0.03867735980308851
38,82,0.03762994290641897
38,173,0.03741526631534875
38,49,0.036748304367548834
38,27,0.03567389438638546
38,5,0.034191024039668116
38,107,0.03235327390010656
38,69,0.03023030769412649
38,115,0.029269428198517522
38,104,0.02905460240610691
38,139,0.02815699715767439
38,96,0.0279487124515011
38,113,0.027824599594650334
38,61,0.026434344534976062
38,126,0.025472175144897857
38,73,0.025207309743823125
38,87,0.02497084400660976
38,177,0.024079491463213087
38,137,0.023296369742235257
38,91,0.02153120864345459
38,63,0.021241839563758025
39,52,0.12022093607619866
39,13,0.1116407060162895
39,90,0.09216100713073594
39,1,0.07729239496222584
39,151,0.0735360794397657
39,164,0.0634257030948886
39,91,0.056914807214718977
39,194,0.05678906648135196
39,166,0.054746304909592314
39,136,0.0545743149439506
39,55,0.041555631582208985
39,140,0.032400702421223615
39,50,0.0309289865978305
39,192,0.03012033972519912
39,64,0.02851908990711549
39,156,0.024285856307677434
39,41,0.024096110298047813
39,153,0.022942781434050374
39,196,0.02234280753626061
39,197,0.02219459087396014
39,167,0.020015862171620658
39,56,0.017245325628446273
39,171,0.01706673274828785
39,183,0.016239214164952664
39,92,0.01602947838521973
39,115,0.01602234129124258
39,44,0.014548124698163578
39,99,0.014536134119189192
39,146,0.014346969691689138
39,7,0.013475488591405238
39,31,0.012292183708003557
39,161,0.011471859585930999
39,100,0.011399315211442218
39,11,0.011283583536323971
39,60,0.009581065040686565
39,79,0.00900175055349628
39,28,0.008954297876927475
40,181,0.1839581197570438
40,186,0.13315792256322823
40,8,0.10921387680216876
40,101,0.0592029127719047
40,23,0.04913265866239891
40,164,0.04560828908070291
40,99,0.04311460901791209
40,161,0.03669871973782224
40,115,0.03564221039613591
40,148,0.03183731515170596
40,152,0.027238948486285386
40,104,0.02662963281740316
40,100,0.024621392991922897
40,122,0.02119838402574359
40,77,0.016244581031134908
40,112,0.014851660807449929
41,5,0.1936323601231965
41,136,0.18510430038885117
41,188,0.11913545967527928
41,173,0.11449203975547484
41,1,0.08596285292855543
41,53,0.08199858490765699
41,55,0.07257285189208917
41,23,0.07065584915481171
41,50,0.07058780490021843
41,52,0.06690117226701675
41,91,0.0664909608337717
41,192,0.06041887713676186
41,90,0.05393101753961882
41,151,0.05063744426391237
41,183,0.04241680576217011
41,58,0.04080331838161133
41,167,0.03888365171529751
41,57,0.03720610969676885
41,74,0.0366983819665333
41,64,0.0359227523579273
41,113,0.033579723510007486
41,104,0.03326133424694511
41,112,0.03312979833362506
41,115,0.031986915740439215
41,51,0.03139775763662911
41,156,0.03125636836290013
41,194,0.027603128085787687
41,175,0.02473162944261653
41,39,0.024096110298047813
41,164,0.023611294237522507
41,49,0.022851302920012806
41,7,0.021926612152818326
41,92,0.021369572954289873
41,13,0.0211144695990364
41,155,0.020704139246441655
41,38,0.020412268233569786
41,73,0.01874688639078914
41,14,0.018447624492942793
41,166,0.018056045062228243
41,63,0.017170374080621165
41,171,0.01704376781676653
41,148,0.01696287184899148
42,8,0.019573599440575018
42,197,0.019137803264529407
42,196,0.007647091926952898
42,57,0.0062694767240936145
42,156,0.004417478538483399
42,44,0.0040136841352640396
42,148,0.003612505734005955
42,171,0.0030824034828969005
42,7,0.0027460248692195988
42,27,0.002550006550896322
42,181,0.0024365064409076487
42,138,0.0024083377709275267
42,173,0.0023317966550051583
42,55,0.002237421112089355
42,183,0.002204432336891493
42,119,0.0021972040776576662
42,50,0.0020303367761344004
42,188,0.0017263067187579528
42,113,0.0016614268564840717
42,194,0.0013489517657110373
42,192,0.0012814162967247356
42,131,0.0007897972260180186
42,84,0.0005404911575963567
42,91,0.0005035871239159606
42,6,0.0004905893077113976
43,189,0.15168003942575858
43,10,0.112992631021681
43,11,0.08194716918233724
43,13,0.05735770839210974
43,49,0.053733267324262646
43,85,0.044057771428989256
43,61,0.04248865993666573
43,185,0.038635164049573345
43,35,0.032994914942268805
43,86,0.029740860104818134
43,8,0.02569598032596465
43,95,0.024652942128171484
43,18,0.023794593416867182
43,151,0.02372369585405798
43,89,0.02171907341623347
43,15,0.019535225165716263
43,26,0.018983970227490876
43,181,0.01795637356795199
43,179,0.016616730946893976
43,51,0.016440686225779433
43,147,0.016350743539456314
43,140,0.015476747505853594
43,149,0.01480357421833789
43,126,0.014383765900271683
43,50,0.014319510896199539
43,167,0.01344045897039392
43,174,0.013147430275548988
43,150,0.012969780273919596
43,171,0.012752162774928855
43,67,0.012461828734388503
43,74,0.012215639859888827
43,9,0.012011351977383455
43,192,0.01188441602908119
43,129,0.01159649888251757
43,2,0.010534449353043152
43,90,0.010364310953068556
43,19,0.010077318127421409
43,14,0.009892211543548801
43,111,0.009758014857207065
43,28,0.009651875795200437
43,32,0.009579255908351736
43,23,0.009475941766211804
43,79,0.00924474610199122
44,55,0.5623160483447067
44,183,0.3951731046341773
44,173,0.3748657630749235
44,194,0.19586786334570905
44,50,0.1322051731657421
44,23,0.07111900039720298
44,91,0.0688057589286648
44,164,0.06315660309706383
44,145,0.03499347827933563
44,148,0.03466053759383547
44,139,0.03438370722584494
45,159,0.4360885238037929
45,170,0.40504190164747944
45,29,0.341355450019189
45,15,0.17646368900059006
45,132,0.11635525797486423
45,144,0.07471850689407933
45,162,0.06925246669346541
45,123,0.06359583565296256
45,157,0.057675975496557785
45,114,0.052094871195281445
45,145,0.04853825293695646
45,131,0.047804718454133144
45,66,0.03607708242968266
45,139,0.03554077007595624
45,168,0.034842318839013564
45,77,0.0333743577540484
45,160,0.031212719846626102
46,111,0.0842428339491883
46,7,0.06926222868818233
46,162,0.061267641073000534
46,2,0.05222039282563351
46,150,0.039122726561015675
46,181,0.03693240161496192
46,173,0.03658465156598767
46,148,0.035694215699293874
46,198,0.034919342100873774
46,116,0.034452570847230746
46,164,0.03274508879528781
46,31,0.0253677324265279
46,73,0.022092125542250818
46,6,0.02122430069823522
46,105,0.018113995284585682
46,26,0.0175011065965347
46,9,0.01615324470929025
46,82,0.0152079491492072
46,22,0.014017322218320416
46,126,0.01385969709355861
46,33,0.013361030164620646
46,151,0.013228249006165926
46,11,0.0126888159434152
46,17,0.011396363812964605
46,125,0.011352531629931772
46,41,0.010801294548137608
46,3,0.010426716549089221
46,193,0.009031797582847778
46,1,0.008649453898865178
46,186,0.008255143977254797
46,144,0.008045221245773337
47,174,0.08194428656280928
47,8,0.07378778687763521
47,177,0.0680377458174597
47,35,0.055135224344711964
47,1,0.048854309665156914
47,52,0.04554535771990553
47,87,0.041416471389534304
47,169,0.041070295824972125
47,175,0.02791464358083362
47,85,0.026075869590173717
47,92,0.023118656437389862
47,86,0.02023925307129637
47,161,0.02007204226035031
47,107,0.019118225849229398
47,111,0.018148039664597104
47,135,0.017787896079518806
47,158,0.016615259745627053
47,74,0.016142233868784328
47,166,0.015971787196782272
47,18,0.015598089505358792
47,5,0.015291894844156162
47,151,0.014160373951442429
47,50,0.014152638110358273
47,55,0.014151205361851882
47,83,0.013990650127014392
47,38,0.013164486092897332
47,25,0.01312549524221307
47,95,0.012809793491196042
47,149,0.01112602577368349
47,164,0.010990285204240058
47,90,0.010646754527654956
47,17,0.009971910558925323
47,37,0.009726893093106148
47,189,0.009462654737934284
47,155,0.00900945524643626
47,88,0.008815732996240833
47,109,0.008651672505352703
47,91,0.00838426643864898
47,144,0.008278510063225997
47,156,0.008163120381060818
48,109,0.15196280262054762
48,160,0.05366858870827418
48,24,0.05038800544113553
48,59,0.04435347320712335
48,126,0.04247162721056841
48,14,0.0388838859903875
48,28,0.03672467411725677
48,96,0.03484998664696082
48,139,0.03345664102292889
48,88,0.030046486750724966
48,35,0.029981046635183195
48,110,0.02813212226312045
48,135,0.028099073565358124
48,131,0.027761229713698543
48,18,0.02639088451084326
48,155,0.02584262933273085
48,121,0.025768934452078618
48,12,0.02431653914345966
48,166,0.0238194896743138
48,164,0.022272160162265853
48,157,0.021988916687279092
48,91,0.020878486676992103
48,72,0.018673406545198334
48,21,0.018351453956872543
48,55,0.018040848843101975
48,161,0.018002746241573053
48,38,0.017647131150884898
48,122,0.01706787464160986
48,49,0.016867893721493
48,10,0.016724872668195445
